0.000000 	 0.006300 
0.020000 	 0.003640 
0.040000 	 0.000990 
0.060000 	 0.004280 
0.080000 	 0.007580 
0.100000 	 0.010870 
0.120000 	 0.006820 
0.140000 	 0.002770 
0.160000 	 -0.001280 
0.180000 	 0.003680 
0.200000 	 0.008640 
0.220000 	 0.013600 
0.240000 	 0.007270 
0.260000 	 0.000940 
0.280000 	 0.004200 
0.300000 	 0.002210 
0.320000 	 0.000210 
0.340000 	 0.004440 
0.360000 	 0.008670 
0.380000 	 0.012900 
0.400000 	 0.017130 
0.420000 	 -0.003430 
0.440000 	 -0.024000 
0.460000 	 -0.009920 
0.480000 	 0.004160 
0.500000 	 0.005280 
0.520000 	 0.016530 
0.540000 	 0.027790 
0.560000 	 0.039040 
0.580000 	 0.024490 
0.600000 	 0.009950 
0.620000 	 0.009610 
0.640000 	 0.009260 
0.660000 	 0.008920 
0.680000 	 -0.004860 
0.700000 	 -0.018640 
0.720000 	 -0.032420 
0.740000 	 -0.033650 
0.760000 	 -0.057230 
0.780000 	 -0.045340 
0.800000 	 -0.033460 
0.820000 	 -0.032010 
0.840000 	 -0.030560 
0.860000 	 -0.029110 
0.880000 	 -0.027660 
0.900000 	 -0.041160 
0.920000 	 -0.054660 
0.940000 	 -0.068160 
0.960000 	 -0.081660 
0.980000 	 -0.068460 
1.000000 	 -0.055270 
1.020000 	 -0.042080 
1.040000 	 -0.042590 
1.060000 	 -0.043110 
1.080000 	 -0.024280 
1.100000 	 -0.005450 
1.120000 	 0.013380 
1.140000 	 0.032210 
1.160000 	 0.051040 
1.180000 	 0.069870 
1.200000 	 0.088700 
1.220000 	 0.045240 
1.240000 	 0.001790 
1.260000 	 -0.041670 
1.280000 	 -0.085130 
1.300000 	 -0.128580 
1.320000 	 -0.172040 
1.340000 	 -0.129080 
1.360000 	 -0.086130 
1.380000 	 -0.089020 
1.400000 	 -0.091920 
1.420000 	 -0.094820 
1.440000 	 -0.093240 
1.460000 	 -0.091660 
1.480000 	 -0.094780 
1.500000 	 -0.097890 
1.520000 	 -0.129020 
1.540000 	 -0.076520 
1.560000 	 -0.024010 
1.580000 	 0.028490 
1.600000 	 0.080990 
1.620000 	 0.133500 
1.640000 	 0.186000 
1.660000 	 0.238500 
1.680000 	 0.219930 
1.700000 	 0.201350 
1.720000 	 0.182770 
1.740000 	 0.164200 
1.760000 	 0.145620 
1.780000 	 0.161430 
1.800000 	 0.177250 
1.820000 	 0.132150 
1.840000 	 0.087050 
1.860000 	 0.041960 
1.880000 	 -0.003140 
1.900000 	 -0.048240 
1.920000 	 -0.093340 
1.940000 	 -0.138430 
1.960000 	 -0.183530 
1.980000 	 -0.228630 
2.000000 	 -0.273720 
2.020000 	 -0.318820 
2.040000 	 -0.250240 
2.060000 	 -0.181660 
2.080000 	 -0.113090 
2.100000 	 -0.044510 
2.120000 	 0.024070 
2.140000 	 0.092650 
2.160000 	 0.161230 
2.180000 	 0.229810 
2.200000 	 0.298390 
2.220000 	 0.231970 
2.240000 	 0.165540 
2.260000 	 0.099120 
2.280000 	 0.032700 
2.300000 	 -0.033720 
2.320000 	 -0.100140 
2.340000 	 -0.166560 
2.360000 	 -0.232990 
2.380000 	 -0.299410 
2.400000 	 -0.004210 
2.420000 	 0.290990 
2.440000 	 0.223800 
2.460000 	 0.156620 
2.480000 	 0.089430 
2.500000 	 0.022240 
2.520000 	 -0.044950 
2.540000 	 0.018340 
2.560000 	 0.081630 
2.580000 	 0.144910 
2.600000 	 0.208200 
2.620000 	 0.189730 
2.640000 	 0.171250 
2.660000 	 0.137590 
2.680000 	 0.103930 
2.700000 	 0.070270 
2.720000 	 0.036610 
2.740000 	 0.002950 
2.760000 	 -0.030710 
2.780000 	 -0.005610 
2.800000 	 0.019480 
2.820000 	 0.044580 
2.840000 	 0.064680 
2.860000 	 0.084780 
2.880000 	 0.104870 
2.900000 	 0.058950 
2.920000 	 0.013030 
2.940000 	 -0.032890 
2.960000 	 -0.078820 
2.980000 	 -0.035560 
3.000000 	 0.007710 
3.020000 	 0.050970 
3.040000 	 0.010130 
3.060000 	 -0.030710 
3.080000 	 -0.071560 
3.100000 	 -0.112400 
3.120000 	 -0.153240 
3.140000 	 -0.113140 
3.160000 	 -0.073040 
3.180000 	 -0.032940 
3.200000 	 0.007150 
3.220000 	 -0.063500 
3.240000 	 -0.134150 
3.260000 	 -0.204800 
3.280000 	 -0.124820 
3.300000 	 -0.044850 
3.320000 	 0.035130 
3.340000 	 0.115100 
3.360000 	 0.195080 
3.380000 	 0.123010 
3.400000 	 0.050940 
3.420000 	 -0.021130 
3.440000 	 -0.093200 
3.460000 	 -0.026630 
3.480000 	 0.039950 
3.500000 	 0.106530 
3.520000 	 0.173110 
3.540000 	 0.112830 
3.560000 	 0.052550 
3.580000 	 -0.007720 
3.600000 	 0.010640 
3.620000 	 0.029000 
3.640000 	 0.047370 
3.660000 	 0.065730 
3.680000 	 0.020210 
3.700000 	 -0.025300 
3.720000 	 -0.070810 
3.740000 	 -0.041070 
3.760000 	 -0.011330 
3.780000 	 0.002880 
3.800000 	 0.017090 
3.820000 	 0.031310 
3.840000 	 -0.022780 
3.860000 	 -0.076860 
3.880000 	 -0.130950 
3.900000 	 -0.185040 
3.920000 	 -0.143470 
3.940000 	 -0.101900 
3.960000 	 -0.060340 
3.980000 	 -0.018770 
4.000000 	 0.022800 
4.020000 	 -0.009960 
4.040000 	 -0.042720 
4.060000 	 -0.021470 
4.080000 	 -0.000210 
4.100000 	 0.021040 
4.120000 	 -0.014590 
4.140000 	 -0.050220 
4.160000 	 -0.085850 
4.180000 	 -0.121480 
4.200000 	 -0.157110 
4.220000 	 -0.192740 
4.240000 	 -0.228370 
4.260000 	 -0.181450 
4.280000 	 -0.134530 
4.300000 	 -0.087610 
4.320000 	 -0.040690 
4.340000 	 0.006230 
4.360000 	 0.053160 
4.380000 	 0.100080 
4.400000 	 0.147000 
4.420000 	 0.097540 
4.440000 	 0.048080 
4.460000 	 -0.001380 
4.480000 	 0.051410 
4.500000 	 0.104200 
4.520000 	 0.156990 
4.540000 	 0.209790 
4.560000 	 0.262580 
4.580000 	 0.169960 
4.600000 	 0.077340 
4.620000 	 -0.015270 
4.640000 	 -0.107890 
4.660000 	 -0.200510 
4.680000 	 -0.067860 
4.700000 	 0.064790 
4.720000 	 0.016710 
4.740000 	 -0.031370 
4.760000 	 -0.079450 
4.780000 	 -0.127530 
4.800000 	 -0.175610 
4.820000 	 -0.223690 
4.840000 	 -0.271770 
4.860000 	 -0.158510 
4.880000 	 -0.045250 
4.900000 	 0.068020 
4.920000 	 0.181280 
4.940000 	 0.144640 
4.960000 	 0.108000 
4.980000 	 0.071370 
5.000000 	 0.034730 
5.020000 	 0.096660 
5.040000 	 0.158600 
5.060000 	 0.220530 
5.080000 	 0.182960 
5.100000 	 0.145380 
5.120000 	 0.107800 
5.140000 	 0.070230 
5.160000 	 0.032650 
5.180000 	 0.066490 
5.200000 	 0.100330 
5.220000 	 0.134170 
5.240000 	 0.103370 
5.260000 	 0.072570 
5.280000 	 0.041770 
5.300000 	 0.010970 
5.320000 	 -0.019830 
5.340000 	 0.044380 
5.360000 	 0.108600 
5.380000 	 0.172810 
5.400000 	 0.104160 
5.420000 	 0.035510 
5.440000 	 -0.033150 
5.460000 	 -0.101800 
5.480000 	 -0.072620 
5.500000 	 -0.043440 
5.520000 	 -0.014260 
5.540000 	 0.014920 
5.560000 	 -0.020250 
5.580000 	 -0.055430 
5.600000 	 -0.090600 
5.620000 	 -0.125780 
5.640000 	 -0.160950 
5.660000 	 -0.196130 
5.680000 	 -0.147840 
5.700000 	 -0.099550 
5.720000 	 -0.051270 
5.740000 	 -0.002980 
5.760000 	 -0.019520 
5.780000 	 -0.036050 
5.800000 	 -0.052590 
5.820000 	 -0.041820 
5.840000 	 -0.031060 
5.860000 	 -0.029030 
5.880000 	 -0.026990 
5.900000 	 0.025150 
5.920000 	 0.017700 
5.940000 	 0.022130 
5.960000 	 0.026560 
5.980000 	 0.004190 
6.000000 	 -0.018190 
6.020000 	 -0.040570 
6.040000 	 -0.062940 
6.060000 	 -0.024170 
6.080000 	 0.014600 
6.100000 	 0.053370 
6.120000 	 0.024280 
6.140000 	 -0.004800 
6.160000 	 -0.033890 
6.180000 	 -0.005570 
6.200000 	 0.022740 
6.220000 	 0.006790 
6.240000 	 -0.009150 
6.260000 	 -0.025090 
6.280000 	 -0.041030 
6.300000 	 -0.056980 
6.320000 	 -0.018260 
6.340000 	 0.020460 
6.360000 	 0.004540 
6.380000 	 -0.011380 
6.400000 	 -0.002150 
6.420000 	 0.007080 
6.440000 	 0.004960 
6.460000 	 0.002850 
6.480000 	 0.000740 
6.500000 	 -0.005340 
6.520000 	 -0.011410 
6.540000 	 0.003610 
6.560000 	 0.018630 
6.580000 	 0.033650 
6.600000 	 0.048670 
6.620000 	 0.030400 
6.640000 	 0.012130 
6.660000 	 -0.006140 
6.680000 	 -0.024410 
6.700000 	 0.013750 
6.720000 	 0.010990 
6.740000 	 0.008230 
6.760000 	 0.005470 
6.780000 	 0.008120 
6.800000 	 0.010770 
6.820000 	 -0.006920 
6.840000 	 -0.024610 
6.860000 	 -0.042300 
6.880000 	 -0.059990 
6.900000 	 -0.077680 
6.920000 	 -0.095380 
6.940000 	 -0.062090 
6.960000 	 -0.028800 
6.980000 	 0.004480 
7.000000 	 0.037770 
7.020000 	 0.017730 
7.040000 	 -0.002310 
7.060000 	 -0.022350 
7.080000 	 0.017910 
7.100000 	 0.058160 
7.120000 	 0.037380 
7.140000 	 0.016600 
7.160000 	 -0.004180 
7.180000 	 -0.024960 
7.200000 	 -0.045740 
7.220000 	 -0.020710 
7.240000 	 0.004320 
7.260000 	 0.029350 
7.280000 	 0.015260 
7.300000 	 0.018060 
7.320000 	 0.020860 
7.340000 	 0.007930 
7.360000 	 -0.005010 
7.380000 	 -0.017950 
7.400000 	 -0.030890 
7.420000 	 -0.018410 
7.440000 	 -0.005930 
7.460000 	 0.006550 
7.480000 	 -0.025190 
7.500000 	 -0.056930 
7.520000 	 -0.040450 
7.540000 	 -0.023980 
7.560000 	 -0.007500 
7.580000 	 0.008970 
7.600000 	 0.003840 
7.620000 	 -0.001290 
7.640000 	 -0.006420 
7.660000 	 -0.011560 
7.680000 	 -0.026190 
7.700000 	 -0.040820 
7.720000 	 -0.055450 
7.740000 	 -0.043660 
7.760000 	 -0.031880 
7.780000 	 -0.069640 
7.800000 	 -0.056340 
7.820000 	 -0.043030 
7.840000 	 -0.029720 
7.860000 	 -0.016420 
7.880000 	 -0.003110 
7.900000 	 0.010200 
7.920000 	 0.023500 
7.940000 	 0.036810 
7.960000 	 0.050110 
7.980000 	 0.024360 
8.000000 	 -0.001390 
8.020000 	 -0.027140 
8.040000 	 -0.003090 
8.060000 	 0.020960 
8.080000 	 0.045010 
8.100000 	 0.069060 
8.120000 	 0.057730 
8.140000 	 0.046400 
8.160000 	 0.035070 
8.180000 	 0.033570 
8.200000 	 0.032070 
8.220000 	 0.030570 
8.240000 	 0.032500 
8.260000 	 0.034440 
8.280000 	 0.036370 
8.300000 	 0.013480 
8.320000 	 -0.009420 
8.340000 	 -0.032310 
8.360000 	 -0.029970 
8.380000 	 -0.030950 
8.400000 	 -0.031920 
8.420000 	 -0.025880 
8.440000 	 -0.019840 
8.460000 	 -0.013790 
8.480000 	 -0.007750 
8.500000 	 -0.014490 
8.520000 	 -0.021230 
8.540000 	 0.015230 
8.560000 	 0.051700 
8.580000 	 0.088160 
8.600000 	 0.124630 
8.620000 	 0.161090 
8.640000 	 0.129870 
8.660000 	 0.098640 
8.680000 	 0.067410 
8.700000 	 0.036180 
8.720000 	 0.004950 
8.740000 	 0.004200 
8.760000 	 0.003450 
8.780000 	 0.002690 
8.800000 	 -0.059220 
8.820000 	 -0.121120 
8.840000 	 -0.183030 
8.860000 	 -0.120430 
8.880000 	 -0.057820 
8.900000 	 0.004790 
8.920000 	 0.067400 
8.940000 	 0.130010 
8.960000 	 0.083730 
8.980000 	 0.037450 
9.000000 	 0.069790 
9.020000 	 0.102130 
9.040000 	 -0.035170 
9.060000 	 -0.172470 
9.080000 	 -0.137630 
9.100000 	 -0.102780 
9.120000 	 -0.067940 
9.140000 	 -0.033100 
9.160000 	 -0.036470 
9.180000 	 -0.039840 
9.200000 	 -0.005170 
9.220000 	 0.029500 
9.240000 	 0.064170 
9.260000 	 0.098830 
9.280000 	 0.133500 
9.300000 	 0.059240 
9.320000 	 -0.015030 
9.340000 	 -0.089290 
9.360000 	 -0.163550 
9.380000 	 -0.060960 
9.400000 	 0.041640 
9.420000 	 0.015510 
9.440000 	 -0.010610 
9.460000 	 -0.036740 
9.480000 	 -0.062870 
9.500000 	 -0.088990 
9.520000 	 -0.054300 
9.540000 	 -0.019610 
9.560000 	 0.015080 
9.580000 	 0.049770 
9.600000 	 0.084460 
9.620000 	 0.050230 
9.640000 	 0.016000 
9.660000 	 -0.018230 
9.680000 	 -0.052460 
9.700000 	 -0.086690 
9.720000 	 -0.067690 
9.740000 	 -0.048700 
9.760000 	 -0.029700 
9.780000 	 -0.010710 
9.800000 	 0.008290 
9.820000 	 -0.003140 
9.840000 	 0.029660 
9.860000 	 0.062460 
9.880000 	 -0.002340 
9.900000 	 -0.067140 
9.920000 	 -0.040510 
9.940000 	 -0.013880 
9.960000 	 0.012740 
9.980000 	 0.008050 
10.000000 	 0.030240 
10.020000 	 0.052430 
10.040000 	 0.023510 
10.060000 	 -0.005410 
10.080000 	 -0.034320 
10.100000 	 -0.063240 
10.120000 	 -0.092150 
10.140000 	 -0.121070 
10.160000 	 -0.084500 
10.180000 	 -0.047940 
10.200000 	 -0.011370 
10.220000 	 0.025200 
10.240000 	 0.061770 
10.260000 	 0.040280 
10.280000 	 0.018800 
10.300000 	 0.044560 
10.320000 	 0.070320 
10.340000 	 0.096080 
10.360000 	 0.121840 
10.380000 	 0.063500 
10.400000 	 0.005170 
10.420000 	 -0.053170 
10.440000 	 -0.031240 
10.460000 	 -0.009300 
10.480000 	 0.012630 
10.500000 	 0.034570 
10.520000 	 0.032830 
10.540000 	 0.031090 
10.560000 	 0.029350 
10.580000 	 0.045110 
10.600000 	 0.060870 
10.620000 	 0.076630 
10.640000 	 0.092390 
10.660000 	 0.057420 
10.680000 	 0.022450 
10.700000 	 -0.012520 
10.720000 	 0.006800 
10.740000 	 0.026110 
10.760000 	 0.045430 
10.780000 	 0.015710 
10.800000 	 -0.014020 
10.820000 	 -0.043740 
10.840000 	 -0.073470 
10.860000 	 -0.039900 
10.880000 	 -0.006330 
10.900000 	 0.027240 
10.920000 	 0.060800 
10.940000 	 0.036690 
10.960000 	 0.012580 
10.980000 	 -0.011530 
11.000000 	 -0.035640 
11.020000 	 -0.006770 
11.040000 	 0.022100 
11.060000 	 0.050980 
11.080000 	 0.079850 
11.100000 	 0.069150 
11.120000 	 0.058450 
11.140000 	 0.047750 
11.160000 	 0.037060 
11.180000 	 0.026360 
11.200000 	 0.058220 
11.220000 	 0.090090 
11.240000 	 0.121960 
11.260000 	 0.100690 
11.280000 	 0.079430 
11.300000 	 0.058160 
11.320000 	 0.036890 
11.340000 	 0.015630 
11.360000 	 -0.005640 
11.380000 	 -0.026900 
11.400000 	 -0.048170 
11.420000 	 -0.069440 
11.440000 	 -0.090700 
11.460000 	 -0.111970 
11.480000 	 -0.115210 
11.500000 	 -0.118460 
11.520000 	 -0.121700 
11.540000 	 -0.124940 
11.560000 	 -0.165000 
11.580000 	 -0.205050 
11.600000 	 -0.157130 
11.620000 	 -0.109210 
11.640000 	 -0.061290 
11.660000 	 -0.013370 
11.680000 	 0.034550 
11.700000 	 0.082470 
11.720000 	 0.075760 
11.740000 	 0.069060 
11.760000 	 0.062360 
11.780000 	 0.087350 
11.800000 	 0.112350 
11.820000 	 0.137340 
11.840000 	 0.121750 
11.860000 	 0.106160 
11.880000 	 0.090570 
11.900000 	 0.074980 
11.920000 	 0.080110 
11.940000 	 0.085240 
11.960000 	 0.090370 
11.980000 	 0.062080 
12.000000 	 0.033780 
12.020000 	 0.005490 
12.040000 	 -0.022810 
12.060000 	 -0.054440 
12.080000 	 -0.040300 
12.100000 	 -0.026150 
12.120000 	 -0.012010 
12.140000 	 -0.020280 
12.160000 	 -0.028550 
12.180000 	 -0.062430 
12.200000 	 -0.035240 
12.220000 	 -0.008050 
12.240000 	 -0.049480 
12.260000 	 -0.036430 
12.280000 	 -0.023370 
12.300000 	 -0.033680 
12.320000 	 -0.018790 
12.340000 	 -0.003890 
12.360000 	 0.011000 
12.380000 	 0.025890 
12.400000 	 0.014460 
12.420000 	 0.003030 
12.440000 	 -0.008400 
12.460000 	 0.004630 
12.480000 	 0.017660 
12.500000 	 0.030690 
12.520000 	 0.043720 
12.540000 	 0.021650 
12.560000 	 -0.000420 
12.580000 	 -0.022490 
12.600000 	 -0.044560 
12.620000 	 -0.036380 
12.640000 	 -0.028190 
12.660000 	 -0.020010 
12.680000 	 -0.011820 
12.700000 	 -0.024450 
12.720000 	 -0.037070 
12.740000 	 -0.049690 
12.760000 	 -0.058820 
12.780000 	 -0.067950 
12.800000 	 -0.077070 
12.820000 	 -0.086200 
12.840000 	 -0.095330 
12.860000 	 -0.062760 
12.880000 	 -0.030180 
12.900000 	 0.002390 
12.920000 	 0.034960 
12.940000 	 0.043990 
12.960000 	 0.053010 
12.980000 	 0.031760 
13.000000 	 0.010510 
13.020000 	 -0.010730 
13.040000 	 -0.031980 
13.060000 	 -0.053230 
13.080000 	 0.001860 
13.100000 	 0.056960 
13.120000 	 0.019850 
13.140000 	 -0.017260 
13.160000 	 -0.054380 
13.180000 	 -0.012040 
13.200000 	 0.030310 
13.220000 	 0.072650 
13.240000 	 0.114990 
13.260000 	 0.072370 
13.280000 	 0.029750 
13.300000 	 -0.012880 
13.320000 	 0.012120 
13.340000 	 0.037110 
13.360000 	 0.035170 
13.380000 	 0.033230 
13.400000 	 0.018530 
13.420000 	 0.003830 
13.440000 	 0.003420 
13.460000 	 -0.021810 
13.480000 	 -0.047040 
13.500000 	 -0.072270 
13.520000 	 -0.097500 
13.540000 	 -0.122730 
13.560000 	 -0.083170 
13.580000 	 -0.043620 
13.600000 	 -0.004070 
13.620000 	 0.035490 
13.640000 	 0.075040 
13.660000 	 0.114600 
13.680000 	 0.077690 
13.700000 	 0.040780 
13.720000 	 0.003870 
13.740000 	 0.002840 
13.760000 	 0.001820 
13.780000 	 -0.055130 
13.800000 	 0.047320 
13.820000 	 0.052230 
13.840000 	 0.057150 
13.860000 	 0.062060 
13.880000 	 0.066980 
13.900000 	 0.071890 
13.920000 	 0.027050 
13.940000 	 -0.017790 
13.960000 	 -0.062630 
13.980000 	 -0.107470 
14.000000 	 -0.152320 
14.020000 	 -0.125910 
14.040000 	 -0.099500 
14.060000 	 -0.073090 
14.080000 	 -0.046680 
14.100000 	 -0.020270 
14.120000 	 0.006140 
14.140000 	 0.032550 
14.160000 	 0.008590 
14.180000 	 -0.015370 
14.200000 	 -0.039320 
14.220000 	 -0.063280 
14.240000 	 -0.033220 
14.260000 	 -0.003150 
14.280000 	 0.026910 
14.300000 	 0.011960 
14.320000 	 -0.003000 
14.340000 	 0.003350 
14.360000 	 0.009700 
14.380000 	 0.016050 
14.400000 	 0.022390 
14.420000 	 0.042150 
14.440000 	 0.061910 
14.460000 	 0.081670 
14.480000 	 0.034770 
14.500000 	 -0.012120 
14.520000 	 -0.013090 
14.540000 	 -0.014070 
14.560000 	 -0.052740 
14.580000 	 -0.025440 
14.600000 	 0.001860 
14.620000 	 0.029160 
14.640000 	 0.056460 
14.660000 	 0.083760 
14.680000 	 0.017540 
14.700000 	 -0.048690 
14.720000 	 -0.020740 
14.740000 	 0.007220 
14.760000 	 0.035170 
14.780000 	 -0.005280 
14.800000 	 -0.045720 
14.820000 	 -0.086170 
14.840000 	 -0.069600 
14.860000 	 -0.053030 
14.880000 	 -0.036460 
14.900000 	 -0.019890 
14.920000 	 -0.003320 
14.940000 	 0.013250 
14.960000 	 0.029820 
14.980000 	 0.011010 
15.000000 	 -0.007810 
15.020000 	 -0.026620 
15.040000 	 -0.005630 
15.060000 	 0.015360 
15.080000 	 0.036350 
15.100000 	 0.057340 
15.120000 	 0.031590 
15.140000 	 0.005840 
15.160000 	 -0.019920 
15.180000 	 -0.002010 
15.200000 	 0.015890 
15.220000 	 -0.010240 
15.240000 	 -0.036360 
15.260000 	 -0.062490 
15.280000 	 -0.047800 
15.300000 	 -0.033110 
15.320000 	 -0.049410 
15.340000 	 -0.065700 
15.360000 	 -0.082000 
15.380000 	 -0.049800 
15.400000 	 -0.017600 
15.420000 	 0.014600 
15.440000 	 0.046800 
15.460000 	 0.079000 
15.480000 	 0.047500 
15.500000 	 0.016000 
15.520000 	 -0.015500 
15.540000 	 -0.001020 
15.560000 	 0.013470 
15.580000 	 0.027950 
15.600000 	 0.042440 
15.620000 	 0.056920 
15.640000 	 0.037810 
15.660000 	 0.018700 
15.680000 	 -0.000410 
15.700000 	 -0.019520 
15.720000 	 -0.004270 
15.740000 	 0.010980 
15.760000 	 0.026230 
15.780000 	 0.041480 
15.800000 	 0.018210 
15.820000 	 -0.005060 
15.840000 	 -0.008740 
15.860000 	 -0.037260 
15.880000 	 -0.065790 
15.900000 	 -0.026000 
15.920000 	 0.013800 
15.940000 	 0.053590 
15.960000 	 0.093380 
15.980000 	 0.058830 
16.000000 	 0.024290 
16.020000 	 -0.010260 
16.040000 	 -0.044800 
16.060000 	 -0.010830 
16.080000 	 -0.018690 
16.100000 	 -0.026550 
16.120000 	 -0.034410 
16.140000 	 -0.025030 
16.160000 	 -0.015640 
16.180000 	 -0.006260 
16.200000 	 -0.010090 
16.220000 	 -0.013920 
16.240000 	 0.014900 
16.260000 	 0.043720 
16.280000 	 0.034630 
16.300000 	 0.020980 
16.320000 	 0.007330 
16.340000 	 -0.006320 
16.360000 	 -0.019970 
16.380000 	 0.007670 
16.400000 	 0.035320 
16.420000 	 0.034090 
16.440000 	 0.032870 
16.460000 	 0.031640 
16.480000 	 0.024030 
16.500000 	 0.016420 
16.520000 	 0.009820 
16.540000 	 0.003220 
16.560000 	 -0.003390 
16.580000 	 0.022020 
16.600000 	 -0.019410 
16.620000 	 -0.060850 
16.640000 	 -0.102280 
16.660000 	 -0.078470 
16.680000 	 -0.054660 
16.700000 	 -0.030840 
16.720000 	 -0.007030 
16.740000 	 0.016780 
16.760000 	 0.019460 
16.780000 	 0.022140 
16.800000 	 0.024830 
16.820000 	 0.018090 
16.840000 	 -0.002020 
16.860000 	 -0.022130 
16.880000 	 -0.002780 
16.900000 	 0.016560 
16.920000 	 0.035900 
16.940000 	 0.055250 
16.960000 	 0.074590 
16.980000 	 0.062030 
17.000000 	 0.049480 
17.020000 	 0.036920 
17.040000 	 -0.001450 
17.060000 	 0.045990 
17.080000 	 0.040790 
17.100000 	 0.035580 
17.120000 	 0.030370 
17.140000 	 0.036260 
17.160000 	 0.042150 
17.180000 	 0.048030 
17.200000 	 0.053920 
17.220000 	 0.049470 
17.240000 	 0.045020 
17.260000 	 0.040560 
17.280000 	 0.036110 
17.300000 	 0.031660 
17.320000 	 0.006140 
17.340000 	 -0.019370 
17.360000 	 -0.044890 
17.380000 	 -0.070400 
17.400000 	 -0.095920 
17.420000 	 -0.077450 
17.440000 	 -0.058990 
17.460000 	 -0.040520 
17.480000 	 -0.022060 
17.500000 	 -0.003590 
17.520000 	 0.014870 
17.540000 	 0.010050 
17.560000 	 0.005230 
17.580000 	 0.000410 
17.600000 	 -0.004410 
17.620000 	 -0.009230 
17.640000 	 -0.011890 
17.660000 	 -0.015230 
17.680000 	 -0.018560 
17.700000 	 -0.021900 
17.720000 	 -0.009830 
17.740000 	 0.002240 
17.760000 	 0.014310 
17.780000 	 0.003350 
17.800000 	 -0.007600 
17.820000 	 -0.018560 
17.840000 	 -0.007370 
17.860000 	 0.003830 
17.880000 	 0.015020 
17.900000 	 0.026220 
17.920000 	 0.010160 
17.940000 	 -0.005900 
17.960000 	 -0.021960 
17.980000 	 -0.001210 
18.000000 	 0.019530 
18.020000 	 0.040270 
18.040000 	 0.028260 
18.060000 	 0.016250 
18.080000 	 0.004240 
18.100000 	 0.001960 
18.120000 	 -0.000310 
18.140000 	 -0.002580 
18.160000 	 -0.004860 
18.180000 	 -0.007130 
18.200000 	 -0.009410 
18.220000 	 -0.011680 
18.240000 	 -0.013960 
18.260000 	 -0.017500 
18.280000 	 -0.021040 
18.300000 	 -0.024580 
18.320000 	 -0.028130 
18.340000 	 -0.031670 
18.360000 	 -0.035210 
18.380000 	 -0.042050 
18.400000 	 -0.048890 
18.420000 	 -0.035590 
18.440000 	 -0.022290 
18.460000 	 -0.008990 
18.480000 	 0.004310 
18.500000 	 0.017620 
18.520000 	 0.007140 
18.540000 	 -0.003340 
18.560000 	 -0.013830 
18.580000 	 0.013140 
18.600000 	 0.040110 
18.620000 	 0.067080 
18.640000 	 0.048200 
18.660000 	 0.029320 
18.680000 	 0.010430 
18.700000 	 -0.008450 
18.720000 	 -0.027330 
18.740000 	 -0.046210 
18.760000 	 -0.031550 
18.780000 	 -0.016880 
18.800000 	 -0.002220 
18.820000 	 0.012440 
18.840000 	 0.026830 
18.860000 	 0.041210 
18.880000 	 0.055590 
18.900000 	 0.032530 
18.920000 	 0.009460 
18.940000 	 -0.013600 
18.960000 	 -0.014320 
18.980000 	 -0.015040 
19.000000 	 -0.015760 
19.020000 	 -0.042090 
19.040000 	 -0.026850 
19.060000 	 -0.011610 
19.080000 	 0.003630 
19.100000 	 0.018870 
19.120000 	 0.034110 
19.140000 	 0.031150 
19.160000 	 0.028190 
19.180000 	 0.029170 
19.200000 	 0.030150 
19.220000 	 0.031130 
19.240000 	 0.003880 
19.260000 	 -0.023370 
19.280000 	 -0.050620 
19.300000 	 -0.038200 
19.320000 	 -0.025790 
19.340000 	 -0.013370 
19.360000 	 -0.000950 
19.380000 	 0.011460 
19.400000 	 0.023880 
19.420000 	 0.036290 
19.440000 	 0.010470 
19.460000 	 -0.015350 
19.480000 	 -0.041170 
19.500000 	 -0.066990 
19.520000 	 -0.052070 
19.540000 	 -0.037150 
19.560000 	 -0.022220 
19.580000 	 -0.007300 
19.600000 	 0.007620 
19.620000 	 0.022540 
19.640000 	 0.037470 
19.660000 	 0.040010 
19.680000 	 0.042560 
19.700000 	 0.045070 
19.720000 	 0.047590 
19.740000 	 0.050100 
19.760000 	 0.045450 
19.780000 	 0.040800 
19.800000 	 0.028760 
19.820000 	 0.016710 
19.840000 	 0.004670 
19.860000 	 -0.007380 
19.880000 	 -0.001160 
19.900000 	 0.005060 
19.920000 	 0.011280 
19.940000 	 0.017500 
19.960000 	 -0.002110 
19.980000 	 -0.021730 
20.000000 	 -0.041350 
20.020000 	 -0.060960 
20.040000 	 -0.080580 
20.060000 	 -0.069950 
20.080000 	 -0.059310 
20.100000 	 -0.048680 
20.120000 	 -0.038050 
20.140000 	 -0.025570 
20.160000 	 -0.013100 
20.180000 	 -0.000630 
20.200000 	 0.011850 
20.220000 	 0.024320 
20.240000 	 0.036800 
20.260000 	 0.049270 
20.280000 	 0.029740 
20.300000 	 0.010210 
20.320000 	 -0.009320 
20.340000 	 -0.028840 
20.360000 	 -0.048370 
20.380000 	 -0.067900 
20.400000 	 -0.048620 
20.420000 	 -0.029340 
20.440000 	 -0.010060 
20.460000 	 0.009220 
20.480000 	 0.028510 
20.500000 	 0.047790 
20.520000 	 0.024560 
20.540000 	 0.001330 
20.560000 	 -0.021900 
20.580000 	 -0.045130 
20.600000 	 -0.068360 
20.620000 	 -0.049780 
20.640000 	 -0.031200 
20.660000 	 -0.012620 
20.680000 	 0.005960 
20.700000 	 0.024530 
20.720000 	 0.043110 
20.740000 	 0.061690 
20.760000 	 0.080270 
20.780000 	 0.098850 
20.800000 	 0.064520 
20.820000 	 0.030190 
20.840000 	 -0.004140 
20.860000 	 -0.038480 
20.880000 	 -0.072810 
20.900000 	 -0.059990 
20.920000 	 -0.047170 
20.940000 	 -0.034350 
20.960000 	 -0.032310 
20.980000 	 -0.030280 
21.000000 	 -0.028240 
21.020000 	 -0.003960 
21.040000 	 0.020320 
21.060000 	 0.003130 
21.080000 	 -0.014060 
21.100000 	 -0.031240 
21.120000 	 -0.048430 
21.140000 	 -0.065620 
21.160000 	 -0.051320 
21.180000 	 -0.037020 
21.200000 	 -0.022720 
21.220000 	 -0.008430 
21.240000 	 0.005870 
21.260000 	 0.020170 
21.280000 	 0.026980 
21.300000 	 0.033790 
21.320000 	 0.040610 
21.340000 	 0.047420 
21.360000 	 0.054230 
21.380000 	 0.035350 
21.400000 	 0.016470 
21.420000 	 0.016220 
21.440000 	 0.015980 
21.460000 	 0.015740 
21.480000 	 0.007470 
21.500000 	 -0.000800 
21.520000 	 -0.009070 
21.540000 	 0.000720 
21.560000 	 0.010510 
21.580000 	 0.020300 
21.600000 	 0.030090 
21.620000 	 0.039890 
21.640000 	 0.034780 
21.660000 	 0.029670 
21.680000 	 0.024570 
21.700000 	 0.030750 
21.720000 	 0.036940 
21.740000 	 0.043130 
21.760000 	 0.049310 
21.780000 	 0.055500 
21.800000 	 0.061680 
21.820000 	 -0.005260 
21.840000 	 -0.072200 
21.860000 	 -0.063360 
21.880000 	 -0.054510 
21.900000 	 -0.045660 
21.920000 	 -0.036810 
21.940000 	 -0.036780 
21.960000 	 -0.036750 
21.980000 	 -0.036720 
22.000000 	 -0.017650 
22.020000 	 0.001430 
22.040000 	 0.020510 
22.060000 	 0.039580 
22.080000 	 0.058660 
22.100000 	 0.035560 
22.120000 	 0.012450 
22.140000 	 -0.010660 
22.160000 	 -0.033760 
22.180000 	 -0.056870 
22.200000 	 -0.045020 
22.220000 	 -0.033170 
22.240000 	 -0.021310 
22.260000 	 -0.009460 
22.280000 	 0.002390 
22.300000 	 -0.002080 
22.320000 	 -0.006540 
22.340000 	 -0.011010 
22.360000 	 -0.015480 
22.380000 	 -0.012000 
22.400000 	 -0.008510 
22.420000 	 -0.005030 
22.440000 	 -0.001540 
22.460000 	 0.001950 
22.480000 	 0.000510 
22.500000 	 -0.000920 
22.520000 	 0.011350 
22.540000 	 0.023630 
22.560000 	 0.035900 
22.580000 	 0.048180 
22.600000 	 0.060450 
22.620000 	 0.072730 
22.640000 	 0.028470 
22.660000 	 -0.015790 
22.680000 	 -0.060040 
22.700000 	 -0.050690 
22.720000 	 -0.041340 
22.740000 	 -0.031990 
22.760000 	 -0.031350 
22.780000 	 -0.030710 
22.800000 	 -0.030070 
22.820000 	 -0.018630 
22.840000 	 -0.007190 
22.860000 	 0.004250 
22.880000 	 0.015700 
22.900000 	 0.027140 
22.920000 	 0.038580 
22.940000 	 0.029750 
22.960000 	 0.020920 
22.980000 	 0.023340 
23.000000 	 0.025760 
23.020000 	 0.028190 
23.040000 	 0.030610 
23.060000 	 0.033040 
23.080000 	 0.013710 
23.100000 	 -0.005610 
23.120000 	 -0.024940 
23.140000 	 -0.022080 
23.160000 	 -0.019230 
23.180000 	 -0.016380 
23.200000 	 -0.013530 
23.220000 	 -0.012610 
23.240000 	 -0.011700 
23.260000 	 -0.001690 
23.280000 	 0.008330 
23.300000 	 0.018340 
23.320000 	 0.028350 
23.340000 	 0.038360 
23.360000 	 0.048380 
23.380000 	 0.037490 
23.400000 	 0.026600 
23.420000 	 0.015710 
23.440000 	 0.004820 
23.460000 	 -0.006070 
23.480000 	 -0.016960 
23.500000 	 -0.007800 
23.520000 	 0.001360 
23.540000 	 0.010520 
23.560000 	 0.019680 
23.580000 	 0.028840 
23.600000 	 -0.005040 
23.620000 	 -0.038930 
23.640000 	 -0.023420 
23.660000 	 -0.007910 
23.680000 	 0.007590 
23.700000 	 0.023100 
23.720000 	 0.007070 
23.740000 	 -0.008950 
23.760000 	 -0.024980 
23.780000 	 -0.041000 
23.800000 	 -0.057030 
23.820000 	 -0.029200 
23.840000 	 -0.001370 
23.860000 	 0.026450 
23.880000 	 0.054280 
23.900000 	 0.035870 
23.920000 	 0.017460 
23.940000 	 -0.000960 
23.960000 	 -0.019370 
23.980000 	 -0.037780 
24.000000 	 -0.022810 
24.020000 	 -0.007840 
24.040000 	 0.007130 
24.060000 	 0.022100 
24.080000 	 0.037070 
24.100000 	 0.052040 
24.120000 	 0.067010 
24.140000 	 0.081980 
24.160000 	 0.030850 
24.180000 	 -0.020270 
24.200000 	 -0.071400 
24.220000 	 -0.122530 
24.240000 	 -0.086440 
24.260000 	 -0.050350 
24.280000 	 -0.014260 
24.300000 	 0.021830 
24.320000 	 0.057920 
24.340000 	 0.094000 
24.360000 	 0.130090 
24.380000 	 0.036110 
24.400000 	 -0.057870 
24.420000 	 -0.048020 
24.440000 	 -0.038170 
24.460000 	 -0.028320 
24.480000 	 -0.018460 
24.500000 	 -0.008610 
24.520000 	 -0.036520 
24.540000 	 -0.064440 
24.560000 	 -0.061690 
24.580000 	 -0.058940 
24.600000 	 -0.056180 
24.620000 	 -0.060730 
24.640000 	 -0.065280 
24.660000 	 -0.046280 
24.680000 	 -0.027280 
24.700000 	 -0.008290 
24.720000 	 0.010710 
24.740000 	 0.029700 
24.760000 	 0.031380 
24.780000 	 0.033060 
24.800000 	 0.034740 
24.820000 	 0.036420 
24.840000 	 0.045740 
24.860000 	 0.055060 
24.880000 	 0.064390 
24.900000 	 0.073710 
24.920000 	 0.083030 
24.940000 	 0.036050 
24.960000 	 -0.010920 
24.980000 	 -0.057900 
25.000000 	 -0.046960 
25.020000 	 -0.036020 
25.040000 	 -0.025080 
25.060000 	 -0.014140 
25.080000 	 -0.035610 
25.100000 	 -0.057080 
25.120000 	 -0.078550 
25.140000 	 -0.063040 
25.160000 	 -0.047530 
25.180000 	 -0.032030 
25.200000 	 -0.016520 
25.220000 	 -0.001020 
25.240000 	 0.009220 
25.260000 	 0.019460 
25.280000 	 0.029700 
25.300000 	 0.039930 
25.320000 	 0.050170 
25.340000 	 0.060410 
25.360000 	 0.070650 
25.380000 	 0.080890 
25.400000 	 -0.001920 
25.420000 	 -0.084730 
25.440000 	 -0.070320 
25.460000 	 -0.055900 
25.480000 	 -0.041480 
25.500000 	 -0.052960 
25.520000 	 -0.064430 
25.540000 	 -0.075900 
25.560000 	 -0.087380 
25.580000 	 -0.098850 
25.600000 	 -0.067980 
25.620000 	 -0.037100 
25.640000 	 -0.006230 
25.660000 	 0.024650 
25.680000 	 0.055530 
25.700000 	 0.086400 
25.720000 	 0.117280 
25.740000 	 0.148150 
25.760000 	 0.087150 
25.780000 	 0.026150 
25.800000 	 -0.034850 
25.820000 	 -0.095840 
25.840000 	 -0.071000 
25.860000 	 -0.046160 
25.880000 	 -0.021320 
25.900000 	 0.003530 
25.920000 	 0.028370 
25.940000 	 0.053210 
25.960000 	 -0.004690 
25.980000 	 -0.062580 
26.000000 	 -0.120480 
26.020000 	 -0.099600 
26.040000 	 -0.078720 
26.060000 	 -0.057840 
26.080000 	 -0.036960 
26.100000 	 -0.016080 
26.120000 	 0.004800 
26.140000 	 0.025680 
26.160000 	 0.046560 
26.180000 	 0.067440 
26.200000 	 0.088320 
26.220000 	 0.109200 
26.240000 	 0.130080 
26.260000 	 0.109950 
26.280000 	 0.089820 
26.300000 	 0.069690 
26.320000 	 0.049550 
26.340000 	 0.040060 
26.360000 	 0.030560 
26.380000 	 0.021070 
26.400000 	 0.011580 
26.420000 	 0.007800 
26.440000 	 0.004020 
26.460000 	 0.000240 
26.480000 	 -0.003540 
26.500000 	 -0.007320 
26.520000 	 -0.011100 
26.540000 	 -0.007800 
26.560000 	 -0.004500 
26.580000 	 -0.001200 
26.600000 	 0.002100 
26.620000 	 0.005400 
26.640000 	 -0.008310 
26.660000 	 -0.022030 
26.680000 	 -0.035750 
26.700000 	 -0.049470 
26.720000 	 -0.063190 
26.740000 	 -0.050460 
26.760000 	 -0.037730 
26.780000 	 -0.025000 
26.800000 	 -0.012270 
26.820000 	 0.000460 
26.840000 	 0.004820 
26.860000 	 0.009190 
26.880000 	 0.013550 
26.900000 	 0.017910 
26.920000 	 0.022280 
26.940000 	 0.008830 
26.960000 	 -0.004620 
26.980000 	 -0.018070 
27.000000 	 -0.031520 
27.020000 	 -0.022760 
27.040000 	 -0.014010 
27.060000 	 -0.005260 
27.080000 	 0.003500 
27.100000 	 0.012250 
27.120000 	 0.021010 
27.140000 	 0.014370 
27.160000 	 0.007730 
27.180000 	 0.001100 
27.200000 	 0.008230 
27.220000 	 0.015370 
27.240000 	 0.022510 
27.260000 	 0.017130 
27.280000 	 0.011750 
27.300000 	 0.006370 
27.320000 	 0.013760 
27.340000 	 0.021140 
27.360000 	 0.028520 
27.380000 	 0.035910 
27.400000 	 0.043290 
27.420000 	 0.034580 
27.440000 	 0.025870 
27.460000 	 0.017150 
27.480000 	 0.008440 
27.500000 	 -0.000270 
27.520000 	 -0.008980 
27.540000 	 -0.001260 
27.560000 	 0.006450 
27.580000 	 0.014170 
27.600000 	 0.020390 
27.620000 	 0.026610 
27.640000 	 0.032830 
27.660000 	 0.039050 
27.680000 	 0.045270 
27.700000 	 0.036390 
27.720000 	 0.027500 
27.740000 	 0.018620 
27.760000 	 0.009740 
27.780000 	 0.000860 
27.800000 	 -0.013330 
27.820000 	 -0.027520 
27.840000 	 -0.041710 
27.860000 	 -0.028120 
27.880000 	 -0.014530 
27.900000 	 -0.000940 
27.920000 	 0.012640 
27.940000 	 0.026230 
27.960000 	 0.016900 
27.980000 	 0.007560 
28.000000 	 -0.001770 
28.020000 	 -0.011110 
28.040000 	 -0.020440 
28.060000 	 -0.029770 
28.080000 	 -0.039110 
28.100000 	 -0.024420 
28.120000 	 -0.009730 
28.140000 	 0.004960 
28.160000 	 0.019650 
28.180000 	 0.034340 
28.200000 	 0.020540 
28.220000 	 0.006740 
28.240000 	 -0.007060 
28.260000 	 -0.020860 
28.280000 	 -0.034660 
28.300000 	 -0.026630 
28.320000 	 -0.018600 
28.340000 	 -0.010570 
28.360000 	 -0.002540 
28.380000 	 -0.000630 
28.400000 	 0.001280 
28.420000 	 0.003190 
28.440000 	 0.005100 
28.460000 	 0.009990 
28.480000 	 0.014880 
28.500000 	 0.007910 
28.520000 	 0.000930 
28.540000 	 -0.006050 
28.560000 	 0.003420 
28.580000 	 0.012880 
28.600000 	 0.022350 
28.620000 	 0.031810 
28.640000 	 0.041280 
28.660000 	 0.027070 
28.680000 	 0.012870 
28.700000 	 -0.001340 
28.720000 	 -0.015540 
28.740000 	 -0.029750 
28.760000 	 -0.043950 
28.780000 	 -0.036120 
28.800000 	 -0.028280 
28.820000 	 -0.020440 
28.840000 	 -0.012600 
28.860000 	 -0.004760 
28.880000 	 0.003070 
28.900000 	 0.010910 
28.920000 	 0.009840 
28.940000 	 0.008760 
28.960000 	 0.007680 
28.980000 	 0.006610 
29.000000 	 0.012340 
29.020000 	 0.018070 
29.040000 	 0.023800 
29.060000 	 0.029530 
29.080000 	 0.035260 
29.100000 	 0.027840 
29.120000 	 0.020420 
29.140000 	 0.013000 
29.160000 	 -0.034150 
29.180000 	 -0.006280 
29.200000 	 -0.006210 
29.220000 	 -0.006150 
29.240000 	 -0.006090 
29.260000 	 -0.006020 
29.280000 	 -0.005960 
29.300000 	 -0.005900 
29.320000 	 -0.005830 
29.340000 	 -0.005770 
29.360000 	 -0.005710 
29.380000 	 -0.005640 
29.400000 	 -0.005580 
29.420000 	 -0.005520 
29.440000 	 -0.005450 
29.460000 	 -0.005390 
29.480000 	 -0.005320 
29.500000 	 -0.005260 
29.520000 	 -0.005200 
29.540000 	 -0.005130 
29.560000 	 -0.005070 
29.580000 	 -0.005010 
29.600000 	 -0.004940 
29.620000 	 -0.004880 
29.640000 	 -0.004820 
29.660000 	 -0.004750 
29.680000 	 -0.004690 
29.700000 	 -0.004630 
29.720000 	 -0.004560 
29.740000 	 -0.004500 
29.760000 	 -0.004440 
29.780000 	 -0.004370 
29.800000 	 -0.004310 
29.820000 	 -0.004250 
29.840000 	 -0.004180 
29.860000 	 -0.004120 
29.880000 	 -0.004060 
29.900000 	 -0.003990 
29.920000 	 -0.003930 
29.940000 	 -0.003870 
29.960000 	 -0.003800 
29.980000 	 -0.003740 
30.000000 	 -0.003680 
30.020000 	 -0.003610 
30.040000 	 -0.003550 
30.060000 	 -0.003490 
30.080000 	 -0.003420 
30.100000 	 -0.003360 
30.120000 	 -0.003300 
30.140000 	 -0.003230 
30.160000 	 -0.003170 
30.180000 	 -0.003110 
30.200000 	 -0.003040 
30.220000 	 -0.002980 
30.240000 	 -0.002920 
30.260000 	 -0.002850 
30.280000 	 -0.002790 
30.300000 	 -0.002730 
30.320000 	 -0.002660 
30.340000 	 -0.002600 
30.360000 	 -0.002540 
30.380000 	 -0.002470 
30.400000 	 -0.002410 
30.420000 	 -0.002350 
30.440000 	 -0.002280 
30.460000 	 -0.002220 
30.480000 	 -0.002160 
30.500000 	 -0.002090 
30.520000 	 -0.002030 
30.540000 	 -0.001970 
30.560000 	 -0.001900 
30.580000 	 -0.001840 
30.600000 	 -0.001780 
30.620000 	 -0.001710 
30.640000 	 -0.001650 
30.660000 	 -0.001580 
30.680000 	 -0.001520 
30.700000 	 -0.001460 
30.720000 	 -0.001390 
30.740000 	 -0.001330 
30.760000 	 -0.001270 
30.780000 	 -0.001200 
30.800000 	 -0.001140 
30.820000 	 -0.001080 
30.840000 	 -0.001010 
30.860000 	 -0.000950 
30.880000 	 -0.000890 
30.900000 	 -0.000820 
30.920000 	 -0.000760 
30.940000 	 -0.000700 
30.960000 	 -0.000630 
30.980000 	 -0.000570 
31.000000 	 -0.000510 
31.020000 	 -0.000440 
31.040000 	 -0.000380 
31.060000 	 -0.000320 
31.080000 	 -0.000250 
31.100000 	 -0.000190 
31.120000 	 -0.000130 
31.140000 	 -0.000060 
31.160000 	 0.000000 
31.180000 	 0.000000 