0
-1.401
-0.371
-1.636
-2.895
-4.141
-2.552
-0.978
0.573
-1.374
-3.327
-5.279
-2.862
-0.394
-1.458
-0.196
1.378
0.696
-0.132
-1.347
-2.931
4.934
12.958
7.9
3.002
2.898
-1.598
-6.534
-11.542
-6.173
-0.11
0.989
1.909
1.802
5.476
8.157
10.94
10.215
20.195
18.452
17.862
21.23
23.564
24.508
24.198
28.625
31.961
33.88
34.059
22.299
9.648
-2.772
-8.533
-12.187
-21.068
-28.209
-34.675
-41.763
-50.53
-61.284
-73.326
-61.273
-47.888
-32.432
-14.993
3.91
23.875
11.649
1.204
10.79
22.93
37.069
49.777
60.093
66.795
65.7
66.971
29.271
-11.189
-49.91
-83.495
-110.817
-132.89
-151.77
-142.053
-132.683
-124.474
-117.577
-111.161
-116.551
-117.82
-89.065
-52.408
-7.808
43.066
96.83
148.879
194.513
230.46
255.983
272.857
284.129
248.657
211.721
173.213
132.558
89.527
44.365
-2.672
-51.932
-104.45
-109.147
-117.737
-127.078
-131.895
-126.564
-107.227
-72.863
-24.822
34.373
-37.549
-104.405
-32.375
31.123
79.887
110.402
122.285
66.592
-4.409
-87.503
-175.007
-222.398
-247.162
-235.554
-197.114
-145.504
-96.749
-60.708
-37.043
-40.043
-36.595
-20.16
11.34
50.666
90.051
147.613
192.516
221.787
234.391
196.771
146.265
87.574
59.165
34.901
20.389
19.102
31.454
23.513
21.887
21.937
21.097
61.899
102.411
142.749
123.004
98.187
65.17
22.991
-26.337
-20.072
-13.101
-4.152
4.05
-46.984
-107.137
-174.846
-242.345
-249.502
-235.718
-197.414
-169.425
-132.135
-97.926
-75.243
-40.714
-13.704
13.643
17.349
25.615
38.437
43.028
36.303
46.866
53.942
62.715
74.816
51.447
26.677
-0.508
-27.683
-49.938
-33.854
-6.217
10.046
30.067
46.586
75.748
93.566
102.44
107.51
113.811
123.762
136.437
117.161
95.427
70.641
43.924
16.674
-10.746
-39.269
-70.493
-68.608
-71.141
-76.54
-120.855
-160.074
-190.213
-209.044
-216.588
-158.688
-94.691
-28.505
35.058
91.061
49.589
-1.496
12.091
27.425
50.785
84.329
124.582
163.389
191.25
139.77
72.082
-4.155
-77.951
-82.955
-74.888
-57.551
-37.816
-59.892
-88.747
-123.562
-121.416
-113.875
-94.381
-60.301
-15.035
5.552
20.012
23.297
41.704
56.28
73.242
94.647
117.189
97.973
68.672
28.602
33.331
38.612
50.874
72.582
63.707
56.639
46.03
30.056
36.512
46.591
65.538
93.85
126.174
153.952
137.942
108.608
69.75
28.122
14.473
5.762
0.159
-16.94
-38.914
-64.322
-95.342
-146.947
-170.618
-188.363
-192.81
-174.976
-149.801
-122.654
-97.295
-98.347
-101.083
-103.834
-79.452
-54.453
-30.064
-30.132
-34.083
-26.034
-23.219
-24.116
-25.649
-24.212
-38.467
-47.308
-31.891
-15.794
-9.377
-1.541
13.945
33.042
53.856
74.829
92.074
97.049
99.026
99.258
98.12
107.91
115.002
119.068
120.188
96.845
86.917
75.119
62.781
49.858
40.505
43.592
50.556
59.258
67.239
73.01
76.586
59.339
42.031
24.925
7.527
9.567
9.656
7.284
-21.193
-52.777
-64.045
-77.861
-92.111
-103.609
-109.198
-124.894
-133.643
-137.829
-124.696
-116.736
-106.811
-88.31
-68.272
-49.299
-34.295
-34.445
-38.89
-44.875
-32.499
-17.341
-18.141
-17.584
-17.417
-19.012
-14.629
-12.132
-9.969
-6.168
4.265
17.632
32.754
38.145
43.586
68.624
75.023
82.438
89.639
94.736
95.897
91.994
82.908
69.497
53.281
50.879
48.347
46.375
26.198
7.527
-9.171
-23.443
-21.292
-16.163
-8.065
-1.5
5.64
11.013
11.415
7.905
2.129
6.222
12.472
20.955
20.303
19.321
15.195
5.159
-6.827
-18.904
-29.416
-32.637
-33.752
-50.337
-66.638
-83.054
-99.211
-114.219
-101.194
-86.084
-69.374
-52.227
-36.021
-33.332
-31.944
-30.016
-1.331
32.609
72.223
67.56
63.018
54.359
38.737
15.849
29.767
41.407
22.505
3.013
45.712
82.665
48.433
14.417
-12.729
-27.826
-15.149
7.258
19.469
31.162
38.175
36.904
24.578
42.695
52.071
58.37
67.072
12.724
-36.732
-33.71
-28.961
-21.157
-8.101
10.699
8.729
3.456
-10.902
-35.735
-66.345
-67.766
-59.558
-40.004
-13.403
13
12.748
4.519
-9.592
-25.268
-38.366
-34.905
-43.953
-50.643
-20.514
6.136
-6.551
-21.725
-36.723
-36.983
-43.778
-46.932
-27.813
-7.417
13.031
32.119
48.499
61.693
47.382
32.908
20.188
10.136
2.315
17.653
31.799
24.752
13.3
-3.439
-25.191
-17.724
-10.352
0.773
-12.36
-17.937
-17.668
-14.503
-1.63
11.268
24.972
32.936
39.973
42.231
36.2
40.732
39.1
36.329
15.893
0.591
-10.584
-0.977
8.781
18.591
29.428
17.636
7.222
-3.41
-15.615
-7.023
1.767
12.728
26.217
19.829
10.754
-3.585
-23.24
-30.395
-36.696
-39.491
-38.556
-35.886
-50.528
-67.399
-85.621
-81.976
-73.976
-59.898
-40.344
-17.957
3.82
22.27
36.625
48.269
59.844
73.636
83.2
93.919
102.976
107.835
121.507
130.106
101.122
70.139
38.155
5.648
-27.055
-59.31
-69.063
-76.636
-82.056
-98.62
-115.416
-132.83
-133.934
-131.817
-123.725
-108.17
-93.702
-74.829
-55.068
-24.609
2.14
25.445
46.397
66.891
67.558
65.103
59.04
58.849
57.826
67.858
56.389
46.354
62.273
54.671
43.981
40.274
27.152
16.784
10.371
7.485
16.798
26.544
35.608
33.844
30.096
23.765
14.594
16.524
17.069
17.594
19.028
9.782
0.935
-8.161
-17.448
-17.927
-16.363
-12.069
-7.01
-1.604
2.173
3.299
2.285
-15.182
-30.998
-44.122
-54.927
-55.814
-57.643
-50.021
-45.199
-43.094
-43.188
-44.476
-74.661
-101.864
-88.277
-68.162
-41.489
-40.439
-37.035
-34.678
-36.447
-11.281
8.464
25.386
16.427
9.181
12.985
15.283
20.178
24.564
26.377
42.989
63.762
84.752
101.716
112.889
94.882
76.236
59.883
46.83
36.23
26.278
44.446
59.142
68.526
57.491
40.024
39.696
-22.793
-43.626
-56.884
-60.694
-55.724
-44.961
-13.609
14.737
37.147
52.844
63.21
43.614
24.791
9.102
-2.35
-9.746
-14.372
-18.478
-5.704
1.16
-0.291
-10.38
-47.558
-86.354
-121.461
-131.008
-129.652
-124.939
-110.138
-88.832
-66.019
-51.904
-44.561
-44.338
-23.304
-4.078
-1.965
1.536
20.384
13.817
7.226
1.094
-3.857
-7.371
25.787
57.577
49.688
37.407
21.129
29.275
38.561
52.506
51.808
59.086
71.813
84.898
92.873
92.628
84.661
85.461
83.911
80.598
59.242
34.65
7.964
-18.064
-22.433
-21.387
-14.783
-20.93
-25.449
-14.122
-5.789
-0.279
-11.145
-19.539
-11.517
0.608
14.452
8.363
-0.862
-13.84
-30.428
-50.433
-49.087
-50.336
-52.805
-72.726
-91.268
-107.808
-121.431
-130.345
-119.329
-99.91
-72.784
-41.268
-23.429
-10.197
-3.375
-1.81
12.365
27.221
36.568
56.695
75.531
64.162
47.726
26.87
3.923
10.377
19.477
31.697
45.916
33.836
36.51
37.47
38.374
35.674
39.016
49.25
69.009
88.082
88.484
79.682
76.439
68.519
57.513
45.901
34.864
8.797
-16.273
-29.018
-39.995
-48.122
-49.878
-47.421
-42.148
-35.816
-30.649
-39.993
-24.904
-9.27
8.824
4.868
3.082
1.234
-3.041
-11.281
-15.505
-22.875
-32.055
-38.753
-41.761
-46.711
-68.191
-88.651
-104.845
-113.96
-114.866
-96.174
-72.613
-47.158
-12.805
-14.951
-1.335
7.815
14.105
15.648
18.815
24.341
31.214
41.177
47.922
50.312
48.823
45.08
48.962
53.501
59.338
66.952
76.98
73.083
72.472
74.556
78.111
81.53
83.101
90.044
91.675
86.713
74.759
56.767
34.262
11.559
-8.489
-23.727
-39.373
-50.055
-57.224
-53.686
-49.741
-46.123
-51.488
-56.994
-62.307
-67.186
-60.882
-53.601
-45.001
-49.339
-53.219
-58.193
-53.146
-51.323
-51.903
-56.874
-60.774
-62.801
-63.046
-61.727
-58.36
-51.776
-40.952
-25.591
-7.861
9.755
25.133
37.271
46.332
54.345
60.806
58.456
55.317
51.422
46.701
41.024
43.435
44.667
44.784
29.502
13.585
-2.538
-0.464
3.119
9.393
19.101
32.007
46.689
48.129
47.589
44.621
40.098
35.425
31.046
26.174
33.507
36.864
35.534
21.563
5.381
-10.724
-14.729
-30.961
-42.417
-48.988
-51.405
-51.198
-43.326
-36.573
-33.38
-32.283
-32.916
-24.039
-16.272
-9.045
-16.681
-22.745
-26.672
-28.706
-29.726
-30.707
-32.295
-20.179
-9.627
-1.147
5.139
-5.657
-15.979
-23.714
-27.214
-25.895
-20.351
-12.234
0.763
10.989
16.04
14.82
8.144
1.182
-5.813
-7.458
-5.225
1.074
10.781
15.724
21.706
27.553
32.397
45.706
57.323
67.272
75.589
82.304
75.866
68.351
60.437
52.945
45.723
39.339
32.735
24.243
12.283
-3.876
-23.58
-32.579
-40.69
-45.557
-45.776
-41.121
-32.323
-35.465
-36.549
-36.286
-35.152
-33.723
-32.945
-17.789
-6.143
1.002
3.494
2.247
-16.966
-35.537
-51.159
-62.193
-68.057
-69.392
-67.892
-65.879
-65.615
-48.143
-33.995
-21.758
-9.197
5.78
6.212
10.46
17.886
31.83
47.309
63.184
68.996
70.7
81.542
83.846
78.124
67.135
54.934
33.226
16.553
5.444
-0.76
-3.107
-2.672
2.099
6.482
8.403
6.32
-0.03
0.49
0.138
-6.011
-9.297
-9.441
-4.108
2.263
8.304
6.039
1.901
-4.334
-12.644
-22.68
-27.843
-32.594
-35.571
-40.293
-42.434
-42.717
-42.006
-40.851
-39.374
-9.406
20.549
20.883
20.468
19.052
16.886
18.144
20.517
24.989
24.338
24.536
22.775
16.037
2.802
0.334
-4.65
-8.671
-9.462
-6.494
-13.832
-18.573
-20.74
-19.798
-15.341
-1.537
13.618
27.527
37.45
38.462
33.388
23.711
12.052
1.193
-5.041
-8.053
-13.962
-19.081
-24.969
-32.451
-41.299
-50.469
-36.833
-21.248
-3.283
-3.761
-2.409
0.311
7.568
16.097
26.068
33.029
39.835
43.958
42.421
33.283
16.897
3.837
-9.826
-25.105
-36.07
-42.853
-46.371
-47.433
-37.918
-26.145
-12.032
-4.482
4.235
12.96
20.717
27.837
33.776
35.463
36.488
36.164
33.179
26.269
14.944
7.891
-1.487
-11.366
-20.1
-26.422
-29.403
-36.104
-38.371
-36.197
-30.055
-20.96
6.143
32.745
38.013
39.656
36.897
29.791
31.41
31.112
30.662
31.218
32.724
17.026
-0.427
-20.197
-41.133
-42.987
-41.314
-35.131
-25.306
-13.923
-15.907
-19.246
-23.263
-26.122
-25.976
-22.232
-16.214
-10.828
16.082
36.621
50.516
59.475
32.816
7.295
-14.947
-32.734
-45.578
-53.507
-57.403
-9.418
36.492
36.707
29.497
15.744
-1.016
-16.009
-10.362
4.002
15.532
33.411
52.294
68.77
75.555
62.926
43.08
20.696
-0.547
-19.249
-29.133
-37.625
-44.79
-50.128
-56.241
-60.47
-63.594
-66.272
-68.621
-48.526
-27.17
-4.063
-1.379
3.122
8.97
15.561
34.771
53.491
71.075
72.148
69.259
60.478
44.896
23.723
2.299
-17.323
-32.227
-41.913
-48.046
-52.942
-58.001
-63.06
-31.06
3.179
2.738
4.928
8.811
23.357
37.892
52.396
67.247
82.363
79.931
73.26
58.982
35.553
4.556
-29.938
-63.495
-93.33
-83.602
-70.873
-56.004
-38.848
-51.348
-58.931
-60.773
-56.64
-46.663
-31.431
19.21
69.652
114.775
119.13
110.429
89.563
60.822
30.063
2.499
-18.95
-34.337
-46.306
-58.652
-74.272
-93.523
-98.201
-100.36
-96.664
-85.596
-71.635
-52.082
-28.511
-2.137
23.889
50.642
76.312
98.264
113.484
119.543
112.893
97.532
76.415
53.204
31.169
19.03
11.083
7.165
6.512
8.244
1.581
-3.32
-6.115
-6.313
-3.707
4.474
13.74
22.23
27.88
28.982
31.533
28.783
21.771
11.998
-7.565
-27.018
-45.316
-61.483
-74.494
-83.444
-81.955
-76.376
-67.933
-63.553
-59.258
-55.579
-47.356
-38.622
-28.661
-22.252
-15.079
-8.436
-3.83
-2.381
1.817
3.133
2.681
1.508
0.327
-0.39
-6.393
-10.432
-11.499
-8.302
-1.451
8.127
18.817
28.761
42.16
52.174
58.625
62.105
63.677
66.497
69.29
72.375
65.011
57.736
50.251
42.224
33.327
32.194
29.946
26.731
22.73
18.104
13.195
8.73
-3.438
-12.854
-18.935
-22.088
-23.709
-14.743
-7.992
-4.545
-4.662
-7.864
-21.505
-35.626
-48.478
-58.386
-61.881
-61.222
-57.432
-52.369
-49.229
-48.359
-45.632
-44.934
-44.772
-49.831
-52.523
-52.428
-49.833
-45.456
-30.972
-16.309
-2.204
10.503
21.018
28.924
26.098
22.293
19.243
18.519
20.863
25.856
32.046
40.917
47.184
49.669
48.165
40.847
31.859
22.937
15.549
10.578
13.295
18.207
24.477
46.317
38.36
39.603
38.963
36.682
33.442
30.134
27.507
25.83
24.689
23.104
20.037
14.97
8.114
0.19
-8.022
-16.014
-23.492
-30.199
-35.762
-39.756
-41.908
-42.242
-41.081
-38.974
-36.529
-34.268
-32.545
-31.492
-31.014
-30.878
-30.797
-30.527
-29.957
-29.113
-28.102
-27.059
-26.056
-25.048
-23.896
-22.401
-20.353
-17.594
-14.043
-9.69
-4.622
0.989
6.902
12.806
18.365
23.278
27.308
30.323
32.326
33.414
33.755
33.558
33.009
32.249
31.382
30.448
29.461
28.434
27.376
26.305
25.257
24.253
23.296
22.373
21.427
20.374
19.117
17.542
15.544
13.055
10.037
6.519
2.577
-1.661
-6.02
-10.321
-14.391
-18.071
-21.258
-23.891
-25.942
-27.432
-28.403
-28.903
-28.996
-28.747
-28.207
-27.438
-26.502
-25.445
-24.325
-23.19
-22.067
-20.978
-19.923
-18.872
-17.761
-16.552
-15.177
-13.571
-11.68
-9.472
-6.941
-4.114
-1.045
2.188
5.491
8.764
11.907
14.831
17.46
19.74
21.634
23.125
24.21
24.901
25.219
25.199
24.88
24.311
23.543
22.627
21.612
20.538
19.436
18.323
17.2
16.054
14.86
13.585
12.193
10.65
8.928
7.015
4.911
2.632
0.21
-2.311