0
-0.01401
-0.03174
-0.05181
-0.09712
-0.17
-0.23
-0.27
-0.27
-0.28
-0.33
-0.41
-0.5
-0.53
-0.55
-0.56
-0.55
-0.53
-0.53
-0.54
-0.58
-0.56
-0.38
-0.18
-0.0667
-0.007701
0.005306
-0.07601
-0.26
-0.43
-0.5
-0.49
-0.46
-0.42
-0.35
-0.21
-0.0218
0.19
0.49
0.88
1.24
1.63
2.08
2.56
3.05
3.58
4.18
4.84
5.52
6.09
6.41
6.47
6.36
6.15
5.82
5.33
4.7
3.93
3.01
1.89
0.55
-0.8
-1.89
-2.69
-3.17
-3.28
-3
-2.64
-2.52
-2.4
-2.06
-1.46
-0.59
0.51
1.78
3.1
4.43
5.39
5.57
4.96
3.63
1.68
-0.75
-3.6
-6.54
-9.29
-11.86
-14.28
-16.57
-18.84
-21.19
-23.25
-24.67
-25.27
-24.92
-23.52
-21.06
-17.63
-13.38
-8.52
-3.23
2.34
7.67
12.27
16.12
19.18
21.4
22.74
23.16
22.61
21.05
18.91
16.64
14.2
11.61
9.02
6.68
4.88
3.91
4
3.97
2.55
1.18
1.17
2.28
4.18
6.51
8.4
9.02
8.1
5.48
1.5
-3.19
-8.02
-12.35
-15.77
-18.2
-19.77
-20.75
-21.52
-22.29
-22.85
-22.94
-22.32
-20.91
-18.54
-15.14
-10.99
-6.43
-2.12
1.31
3.65
5.12
6.06
6.61
7
7.51
8.06
8.51
8.95
9.38
10.21
11.86
14.31
16.96
19.18
20.81
21.69
21.66
21.19
20.86
20.69
20.69
20.26
18.72
15.9
11.73
6.81
1.96
-2.38
-6.04
-9.06
-11.36
-13.09
-14.25
-14.8
-14.8
-14.49
-14.06
-13.42
-12.6
-11.81
-10.98
-9.97
-8.8
-7.43
-6.16
-5.38
-5.12
-5.4
-6.18
-7.02
-7.42
-7.38
-6.98
-6.21
-4.99
-3.29
-1.33
0.76
2.98
5.35
7.96
10.49
12.62
14.28
15.42
16.03
16.09
15.59
14.49
13.1
11.7
10.23
8.25
5.44
1.94
-2.05
-6.31
-10.06
-12.6
-13.83
-13.76
-12.5
-11.09
-10.61
-10.51
-10.11
-9.33
-7.98
-5.89
-3.01
0.54
3.85
5.96
6.64
5.82
4.21
2.64
1.31
0.36
-0.62
-2.11
-4.23
-6.68
-9.03
-11.11
-12.66
-13.41
-13.51
-13.25
-12.82
-12.17
-11.19
-9.9
-8.22
-6.1
-3.95
-2.28
-1.31
-0.69
0.03143
0.93
2.16
3.52
4.73
5.75
6.51
7.18
8.01
9.13
10.73
12.93
15.73
18.65
21.11
22.9
23.87
24.3
24.5
24.56
24.39
23.84
22.8
21.21
18.78
15.61
12.02
8.21
4.53
1.28
-1.44
-3.64
-5.6
-7.59
-9.64
-11.48
-12.81
-13.66
-14.26
-14.9
-15.5
-16
-16.47
-16.97
-17.47
-18.09
-18.95
-19.74
-20.22
-20.47
-20.58
-20.46
-19.99
-19.12
-17.83
-16.16
-14.27
-12.31
-10.33
-8.35
-6.29
-4.06
-1.72
0.67
2.84
4.68
6.3
7.68
8.8
9.71
10.55
11.49
12.59
13.85
15.25
16.75
18.11
19.12
19.79
20.12
20.29
20.48
20.65
20.51
19.77
18.6
17.18
15.48
13.53
11.4
9.06
6.47
3.76
1.13
-1.28
-3.52
-5.47
-7.03
-8.21
-9.05
-9.73
-10.47
-11.3
-12.08
-12.58
-12.93
-13.29
-13.64
-14
-14.34
-14.61
-14.83
-14.99
-15.01
-14.79
-14.29
-13.58
-12.76
-11.64
-10.2
-8.63
-6.91
-5.06
-3.16
-1.28
0.47
2
3.22
4.27
5.26
6.21
6.93
7.27
7.25
6.93
6.48
6.1
5.86
5.77
5.81
5.97
6.2
6.39
6.49
6.58
6.76
7.1
7.51
7.91
8.25
8.45
8.44
8.18
7.7
7.08
6.41
5.57
4.4
2.91
1.08
-1.05
-3.21
-5.08
-6.63
-7.85
-8.73
-9.43
-10.08
-10.7
-11.01
-10.7
-9.65
-8.25
-6.95
-5.77
-4.84
-4.3
-3.84
-3.13
-2.49
-2.23
-1.75
-0.46
0.85
1.48
1.49
1.09
0.66
0.58
0.85
1.35
2.05
2.8
3.41
4.08
5.03
6.14
7.39
8.19
7.95
7.24
6.62
6.12
5.82
5.85
6.04
6.17
6.09
5.63
4.6
3.26
1.99
0.99
0.46
0.46
0.71
0.89
0.84
0.49
-0.15
-0.88
-1.67
-2.62
-3.33
-3.47
-3.48
-3.76
-4.34
-5.08
-5.89
-6.79
-7.54
-7.89
-7.84
-7.39
-6.58
-5.48
-4.39
-3.59
-3.05
-2.75
-2.63
-2.43
-1.93
-1.37
-0.99
-0.89
-1.17
-1.6
-1.88
-1.98
-2.1
-2.4
-2.75
-3.08
-3.24
-3.14
-2.78
-2.2
-1.47
-0.65
0.14
0.91
1.7
2.46
2.98
3.14
3.04
2.93
3.01
3.28
3.76
4.23
4.48
4.52
4.33
4.1
4.05
4.19
4.58
5.04
5.35
5.42
5.15
4.62
3.95
3.18
2.4
1.66
0.8
-0.38
-1.91
-3.59
-5.15
-6.49
-7.49
-8.07
-8.22
-7.95
-7.37
-6.52
-5.44
-4.1
-2.53
-0.76
1.21
3.32
5.61
8.13
10.44
12.15
13.23
13.67
13.46
12.59
11.31
9.85
8.27
6.46
4.32
1.84
-0.83
-3.49
-6.04
-8.36
-10.38
-12.07
-13.37
-14.16
-14.39
-14.11
-13.39
-12.26
-10.92
-9.59
-8.35
-7.17
-6
-4.75
-3.5
-2.48
-1.39
-0.22
0.77
1.61
2.28
2.72
2.99
3.17
3.42
3.85
4.47
5.17
5.8
6.34
6.73
7.04
7.37
7.72
8.09
8.38
8.48
8.41
8.15
7.8
7.46
7.17
6.98
6.9
6.9
6.96
7.01
6.88
6.42
5.67
4.68
3.57
2.44
1.36
0.41
-0.47
-1.34
-2.21
-3.4
-5.17
-7.07
-8.64
-9.73
-10.55
-11.33
-12.04
-12.75
-13.23
-13.26
-12.92
-12.5
-12.25
-12.03
-11.74
-11.39
-10.94
-10.43
-9.74
-8.67
-7.19
-5.32
-3.17
-1.1
0.61
1.98
3.04
3.87
4.5
5.21
6.24
7.52
8.78
9.75
10.55
10.72
10.06
9.05
7.87
6.71
5.7
5.12
5.13
5.65
6.55
7.71
8.78
9.46
9.8
9.87
9.75
9.51
9.18
8.93
8.89
8.9
8.79
8.21
6.87
4.79
2.27
-0.34
-2.88
-5.23
-7.22
-8.77
-9.95
-10.92
-11.8
-12.48
-12.75
-12.82
-12.82
-12.6
-12.26
-12.05
-11.96
-11.99
-12.1
-11.92
-11.09
-10.01
-9.14
-8.56
-8.05
-7.38
-6.46
-5.42
-4.31
-3
-1.44
0.34
2.2
3.97
5.67
7.36
9.01
10.41
11.35
11.77
11.67
11.27
10.83
10.47
10.11
9.65
9.25
9.05
8.99
8.88
8.57
8.26
8.15
8.3
8.53
8.6
8.46
8.01
7.21
6.21
5.22
4.18
2.93
1.29
-0.7
-2.99
-5.51
-8.01
-10.2
-11.93
-13.07
-13.72
-14.05
-14.19
-14.24
-14.13
-13.74
-13.1
-12.17
-10.85
-9.45
-8.33
-7.58
-7.28
-7.13
-6.83
-6.32
-5.55
-4.75
-4.04
-3.31
-2.55
-1.81
-1.06
-0.18
1.01
2.58
4.34
6.02
7.59
9.03
10.3
11.33
12.14
12.57
12.5
12.05
11.36
10.47
9.49
8.52
7.63
6.85
6.18
5.48
4.83
4.48
4.48
4.62
4.7
4.74
4.72
4.58
4.31
3.93
3.38
2.67
1.86
0.98
-0.17
-1.74
-3.67
-5.86
-8.15
-10.26
-11.95
-13.15
-13.74
-14.02
-14.19
-14.12
-13.9
-13.6
-13.26
-12.83
-12.27
-11.55
-10.66
-9.67
-8.68
-7.74
-6.8
-5.78
-4.65
-3.39
-1.95
-0.45
1.01
2.48
4
5.6
7.25
8.98
10.8
12.58
14.19
15.51
16.42
16.88
16.91
16.59
15.96
15.06
13.99
12.88
11.85
10.89
9.91
8.83
7.63
6.34
5.06
3.91
2.93
1.98
0.96
-0.16
-1.27
-2.31
-3.35
-4.44
-5.61
-6.85
-8.11
-9.35
-10.55
-11.66
-12.58
-13.25
-13.58
-13.56
-13.22
-12.59
-11.75
-10.75
-9.6
-8.4
-7.27
-6.2
-5.22
-4.34
-3.5
-2.61
-1.72
-0.98
-0.55
-0.44
-0.47
-0.44
-0.31
-0.02963
0.48
1.27
2.22
3.17
4.1
4.94
5.7
6.36
6.94
7.53
8.24
8.96
9.53
9.8
9.75
9.49
9.04
8.3
7.39
6.38
5.36
4.41
3.61
2.91
2.26
1.61
1.04
0.63
0.38
0.12
-0.27
-0.77
-1.32
-1.9
-2.51
-3.14
-3.66
-3.96
-4.07
-4.03
-4.03
-4.25
-4.65
-5.16
-5.69
-6.15
-6.48
-6.59
-6.47
-6.2
-5.89
-5.67
-5.57
-5.62
-5.75
-5.88
-5.92
-5.8
-5.54
-5.16
-4.67
-4.07
-3.29
-2.26
-1.01
0.42
2
3.58
5.02
6.31
7.44
8.43
9.28
10
10.57
10.93
11.02
10.74
10.18
9.45
8.59
7.67
6.8
6.07
5.39
4.67
3.94
3.23
2.54
1.87
1.37
1.13
1.08
1.12
1.18
1.03
0.51
-0.36
-1.49
-2.8
-4.17
-5.54
-6.88
-8.2
-9.33
-10.16
-10.71
-11.02
-11.06
-10.94
-10.77
-10.49
-9.99
-9.2
-8.09
-6.77
-5.37
-3.85
-2.2
-0.58
0.87
2.09
2.98
3.47
3.69
3.74
3.7
3.64
3.64
3.72
3.87
4.02
4.08
4.09
4.09
4.04
3.88
3.69
3.56
3.54
3.65
3.79
3.87
3.85
3.68
3.32
2.82
2.21
1.53
0.77
-0.05506
-0.91
-1.75
-2.58
-3.38
-3.87
-3.76
-3.35
-2.93
-2.54
-2.18
-1.83
-1.44
-0.99
-0.49
-0.004616
0.47
0.86
1.05
1.08
1.03
0.9
0.72
0.56
0.36
0.03181
-0.36
-0.77
-1.12
-1.29
-1.17
-0.75
-0.1
0.65
1.37
1.94
2.3
2.43
2.4
2.26
2.04
1.71
1.27
0.7
-0.03837
-0.96
-1.83
-2.41
-2.66
-2.73
-2.79
-2.81
-2.73
-2.49
-2.07
-1.48
-0.75
0.08632
0.95
1.71
2.21
2.42
2.36
2.01
1.4
0.61
-0.29
-1.22
-2.08
-2.72
-3.1
-3.27
-3.27
-3.1
-2.76
-2.27
-1.66
-0.96
-0.25
0.48
1.17
1.77
2.18
2.41
2.47
2.35
2.03
1.57
1.01
0.35
-0.39
-1.14
-1.8
-2.31
-2.46
-2.07
-1.36
-0.59
0.18
0.85
1.46
2.08
2.7
3.32
3.96
4.46
4.62
4.42
3.8
2.96
2.12
1.35
0.75
0.36
0.05964
-0.29
-0.72
-1.21
-1.73
-2.21
-2.6
-2.87
-2.82
-2.29
-1.42
-0.32
0.61
1.01
0.93
0.45
-0.33
-1.32
-2.43
-3.1
-2.83
-2.1
-1.43
-0.98
-0.83
-1
-1.27
-1.33
-1.14
-0.65
0.21
1.42
2.86
4.25
5.31
5.95
6.15
5.95
5.47
4.8
3.97
3.03
1.96
0.79
-0.45
-1.74
-3.09
-4.26
-5.02
-5.33
-5.39
-5.37
-5.25
-5
-4.5
-3.62
-2.37
-0.94
0.47
1.77
2.82
3.51
3.77
3.62
3.12
2.38
1.48
0.47
-0.64
-1.85
-2.79
-3.07
-3.01
-2.93
-2.79
-2.47
-1.86
-0.96
0.24
1.74
3.36
4.89
6.21
7.16
7.56
7.31
6.37
4.8
3.03
1.49
0.22
-0.73
-1.63
-2.73
-3.93
-5.1
-6.14
-6.92
-7.04
-6.15
-4.31
-1.97
0.33
2.33
3.83
4.74
5.07
4.9
4.37
3.56
2.51
1.18
-0.49
-2.41
-4.4
-6.37
-8.19
-9.76
-11
-11.81
-12.11
-11.89
-11.15
-9.88
-8.13
-6.02
-3.69
-1.36
0.74
2.48
3.78
4.62
5.12
5.43
5.61
5.74
5.89
5.99
5.97
5.88
5.75
5.65
5.66
5.84
6.2
6.7
7.27
7.88
8.48
8.99
9.32
9.37
9.02
8.3
7.23
5.87
4.29
2.64
1.06
-0.39
-1.7
-2.93
-4.08
-5.11
-5.97
-6.64
-7.15
-7.52
-7.76
-7.88
-7.94
-7.95
-7.9
-7.84
-7.8
-7.78
-7.78
-7.85
-8.02
-8.24
-8.44
-8.53
-8.47
-8.2
-7.72
-7.01
-6.07
-4.96
-3.75
-2.5
-1.19
0.16
1.58
2.96
4.18
5.26
6.19
6.94
7.6
8.22
8.79
9.28
9.69
10
10.22
10.27
10.11
9.79
9.38
8.93
8.54
8.31
8.19
8.1
7.97
7.68
7.11
6.26
5.2
3.99
2.76
1.58
0.48
-0.54
-1.51
-2.45
-3.36
-4.26
-5.2
-6.23
-7.28
-8.3
-9.25
-10.02
-10.49
-10.67
-10.59
-10.28
-9.78
-9.23
-8.74
-8.33
-7.95
-7.56
-7.09
-6.51
-5.78
-4.9
-3.93
-2.95
-2.06
-1.33
-0.79
-0.4
-0.14
0.0986
0.41
0.84
1.55
2.4
3.17
3.96
4.72
5.42
6.05
6.63
7.16
7.67
8.15
8.58
8.93
9.16
9.24
9.16
8.92
8.53
7.99
7.33
6.58
5.76
4.92
4.09
3.28
2.53
1.82
1.15
0.51
-0.11
-0.73
-1.35
-1.96
-2.57
-3.16
-3.73
-4.28
-4.81
-5.32
-5.81
-6.27
-6.7
-7.08
-7.4
-7.64
-7.78
-7.81
-7.74
-7.54
-7.23
-6.81
-6.3
-5.73
-5.1
-4.44
-3.77
-3.1
-2.43
-1.78
-1.15
-0.53
0.07227
0.65
1.21
1.75
2.26
2.76
3.23
3.69
4.13
4.55
4.94
5.31
5.64
5.92
6.15
6.32
6.41
6.42
6.34
6.18
5.93
5.61
5.21
4.76
4.26
3.73
3.17
2.6
2.02
1.44
0.87
0.32
-0.22
-0.74
-1.24
-1.71
-2.17
-2.6
-3.01
-3.39
-3.76
-4.1
-4.42
-4.71
-4.96
-5.17
-5.34
-5.45
-5.5
-5.49
-5.41
-5.27
-5.06
-4.79
-4.47
-4.1
-3.69
-3.24
-2.76
-2.27
-1.77
-1.27
-0.77
-0.28
0.2
0.66
1.11
1.53
1.93
2.31
2.66
2.99
3.3
3.59
3.85
4.07
4.27
4.43
4.55
4.62
4.65
4.63