0
-0.00014
-0.000598
-0.001433
-0.002923
-0.005569
-0.009588
-0.014629
-0.020065
-0.02562
-0.031727
-0.039163
-0.048274
-0.058525
-0.069287
-0.080399
-0.091559
-0.102393
-0.112963
-0.123625
-0.134862
-0.146327
-0.155802
-0.161403
-0.163827
-0.164571
-0.164595
-0.165302
-0.168629
-0.175536
-0.184843
-0.19469
-0.204159
-0.212967
-0.220677
-0.226295
-0.228641
-0.226961
-0.220125
-0.206384
-0.185146
-0.156368
-0.119202
-0.072749
-0.016618
0.049666
0.127291
0.217558
0.321203
0.437278
0.562184
0.690972
0.819317
0.944459
1.064204
1.175696
1.275971
1.362315
1.431785
1.480845
1.505262
1.502758
1.475879
1.430051
1.371449
1.306996
1.244213
1.187761
1.136147
1.087018
1.04246
1.007273
0.986772
0.985941
1.008787
1.057571
1.132871
1.231063
1.340687
1.446009
1.531881
1.584981
1.59428
1.550741
1.449355
1.291112
1.079681
0.818328
0.509896
0.15582
-0.244466
-0.688876
-1.168123
-1.667538
-2.169449
-2.653845
-3.09968
-3.486605
-3.796693
-4.01564
-4.133058
-4.141893
-4.041752
-3.842293
-3.558304
-3.205244
-2.799399
-2.357955
-1.898954
-1.441243
-1.004631
-0.605017
-0.249451
0.058945
0.316963
0.523237
0.680286
0.795947
0.883831
0.962901
1.042609
1.107804
1.145126
1.168644
1.203139
1.267763
1.374684
1.523762
1.697946
1.869158
2.004926
2.074704
2.057785
1.945638
1.741952
1.460739
1.121038
0.741366
0.336173
-0.086503
-0.524551
-0.975939
-1.433884
-1.88651
-2.318864
-2.71338
-3.050116
-3.31141
-3.485655
-3.571166
-3.579258
-3.529662
-3.442009
-3.330274
-3.203605
-3.067457
-2.922304
-2.766599
-2.600858
-2.426194
-2.242844
-2.046891
-1.826207
-1.564577
-1.251855
-0.890438
-0.490567
-0.065544
0.367961
0.79649
1.217061
1.632589
2.046382
2.455871
2.845655
3.191829
3.468085
3.653437
3.741083
3.736894
3.652707
3.501681
3.297492
3.052981
2.779556
2.489095
2.193185
1.900369
1.614948
1.340228
1.080061
0.835972
0.608134
0.398693
0.210999
0.048724
-0.087172
-0.20263
-0.307658
-0.412888
-0.528699
-0.660652
-0.804991
-0.952954
-1.096522
-1.228415
-1.340408
-1.423237
-1.469533
-1.475234
-1.437808
-1.354493
-1.2214
-1.036928
-0.805837
-0.536881
-0.239861
0.074675
0.395864
0.712644
1.013447
1.289363
1.537394
1.756682
1.941463
2.078411
2.152238
2.15111
2.067493
1.903785
1.677212
1.412981
1.137086
0.874458
0.638507
0.42143
0.210222
0.004026
-0.190398
-0.36349
-0.502179
-0.591179
-0.615919
-0.572093
-0.47398
-0.347889
-0.223215
-0.122843
-0.054345
-0.014876
0.001813
-0.000805
-0.028059
-0.091407
-0.200483
-0.357587
-0.559045
-0.796797
-1.05755
-1.326786
-1.594413
-1.855153
-2.105062
-2.338673
-2.549533
-2.730652
-2.873798
-2.974244
-3.03651
-3.072384
-3.092338
-3.098903
-3.089326
-3.058455
-3.001609
-2.919099
-2.814288
-2.691602
-2.55465
-2.402731
-2.231288
-2.032695
-1.796159
-1.509609
-1.165857
-0.76826
-0.328173
0.139538
0.621296
1.109337
1.599993
2.089563
2.57187
3.038269
3.478377
3.878289
4.222217
4.49849
4.700747
4.828108
4.886214
4.884596
4.833737
4.74132
4.609395
4.437036
4.225856
3.982957
3.718216
3.439004
3.14735
2.843263
2.52824
2.203558
1.869165
1.52481
1.169202
0.798747
0.411796
0.012156
-0.39477
-0.805304
-1.21569
-1.620137
-2.011195
-2.380695
-2.720636
-3.024974
-3.290792
-3.517175
-3.703991
-3.850466
-3.954048
-4.011931
-4.022481
-3.987403
-3.912244
-3.802506
-3.662775
-3.497989
-3.312903
-3.110371
-2.890014
-2.649261
-2.384877
-2.093818
-1.773775
-1.42518
-1.052855
-0.663698
-0.264599
0.139454
0.547139
0.95844
1.370044
1.77286
2.156597
2.514461
2.841137
3.131244
3.380498
3.585063
3.740364
3.842665
3.891566
3.890071
3.842079
3.752219
3.62719
3.474745
3.302184
3.114389
2.912387
2.694675
2.460849
2.214301
1.959221
1.697021
1.427748
1.151332
0.867909
0.578446
0.284096
-0.014077
-0.314055
-0.612032
-0.902782
-1.181403
-1.444761
-1.688725
-1.907103
-2.09537
-2.250683
-2.370351
-2.452519
-2.496834
-2.504869
-2.480174
-2.427961
-2.353053
-2.257807
-2.143166
-2.011796
-1.869795
-1.724587
-1.582804
-1.448756
-1.322927
-1.203266
-1.086985
-0.971246
-0.853428
-0.731702
-0.605801
-0.476965
-0.34629
-0.21291
-0.074319
0.071741
0.225889
0.38745
0.554499
0.723417
0.889594
1.048366
1.196101
1.330991
1.450834
1.550571
1.62364
1.663514
1.663818
1.621238
1.538389
1.421266
1.276438
1.110624
0.92905
0.734013
0.526253
0.309162
0.092064
-0.111422
-0.290447
-0.442437
-0.56963
-0.675777
-0.767155
-0.848513
-0.918191
-0.974362
-1.021589
-1.061391
-1.083484
-1.079629
-1.056379
-1.026676
-1.000859
-0.983395
-0.971017
-0.956756
-0.934759
-0.900766
-0.85233
-0.790238
-0.715271
-0.6241
-0.512408
-0.377128
-0.221324
-0.059941
0.091997
0.230623
0.357971
0.477381
0.594125
0.713071
0.835179
0.957761
1.074935
1.177237
1.25592
1.30846
1.338311
1.352865
1.362038
1.373746
1.389755
1.406983
1.420218
1.423604
1.4133
1.387783
1.34492
1.285482
1.21749
1.14802
1.07568
0.994667
0.90044
0.790765
0.663943
0.520576
0.366212
0.208885
0.056635
-0.083038
-0.20363
-0.302295
-0.382024
-0.448415
-0.506463
-0.560234
-0.610763
-0.65435
-0.687337
-0.710863
-0.729598
-0.75021
-0.777976
-0.812842
-0.851473
-0.89222
-0.937156
-0.988683
-1.046987
-1.110121
-1.173905
-1.233102
-1.282883
-1.319583
-1.340772
-1.345897
-1.335485
-1.309398
-1.267784
-1.213405
-1.152155
-1.090256
-1.030513
-0.971146
-0.908261
-0.837837
-0.757905
-0.67078
-0.580789
-0.492318
-0.408014
-0.3265
-0.244061
-0.156278
-0.059996
0.043949
0.151669
0.257424
0.355132
0.440768
0.512076
0.567961
0.608597
0.633147
0.637263
0.614284
0.559244
0.471848
0.35547
0.21568
0.060036
-0.102851
-0.264544
-0.417738
-0.556553
-0.676067
-0.771422
-0.837745
-0.870673
-0.866199
-0.820955
-0.731696
-0.594341
-0.408702
-0.182815
0.071028
0.340081
0.611374
0.871889
1.110931
1.322565
1.50376
1.651019
1.758806
1.820365
1.830423
1.787229
1.691906
1.547839
1.360396
1.135912
0.881586
0.606302
0.320804
0.035817
-0.239227
-0.495758
-0.727516
-0.932563
-1.111929
-1.267092
-1.398799
-1.50627
-1.588748
-1.648527
-1.68717
-1.703255
-1.69778
-1.674015
-1.635081
-1.585012
-1.527833
-1.466154
-1.40026
-1.327605
-1.244399
-1.148034
-1.038329
-0.916844
-0.786137
-0.648482
-0.504356
-0.353404
-0.195324
-0.0307
0.137876
0.306801
0.472443
0.631987
0.784564
0.930869
1.072422
1.211207
1.349186
1.48777
1.627459
1.766417
1.899467
2.020387
2.123891
2.206415
2.26652
2.304512
2.322217
2.32157
2.303465
2.267966
2.211787
2.126041
2.003629
1.846559
1.66288
1.460043
1.241266
1.00757
0.75959
0.499725
0.234805
-0.027011
-0.281261
-0.528769
-0.771499
-1.009185
-1.240499
-1.463792
-1.677517
-1.879211
-2.063294
-2.22185
-2.346908
-2.431858
-2.474571
-2.479395
-2.453495
-2.403312
-2.334151
-2.250434
-2.153394
-2.038923
-1.901326
-1.738361
-1.553043
-1.350001
-1.137296
-0.929544
-0.738484
-0.569233
-0.423382
-0.299241
-0.191025
-0.088554
0.019218
0.141178
0.283742
0.448594
0.630969
0.823574
1.020243
1.216378
1.408892
1.595708
1.776822
1.955063
2.132936
2.30983
2.479862
2.630709
2.747384
2.81803
2.837363
2.805172
2.724013
2.59945
2.439504
2.252281
2.043619
1.816421
1.573569
1.321214
1.065516
0.809171
0.554975
0.306392
0.063332
-0.176791
-0.416358
-0.657324
-0.897572
-1.127641
-1.338648
-1.530219
-1.707226
-1.87334
-2.027629
-2.166028
-2.284889
-2.38223
-2.455391
-2.499791
-2.510742
-2.485367
-2.423712
-2.327316
-2.196971
-2.033238
-1.839069
-1.621528
-1.390336
-1.155893
-0.926509
-0.705557
-0.492604
-0.28684
-0.089284
0.099677
0.282689
0.463104
0.641769
0.816224
0.984505
1.14859
1.313089
1.481376
1.652695
1.823294
1.987996
2.140184
2.274335
2.388591
2.482591
2.553724
2.595905
2.601778
2.56482
2.479761
2.344556
2.16246
1.941171
1.691207
1.423368
1.145697
0.863307
0.57904
0.295311
0.016596
-0.251782
-0.504454
-0.734578
-0.93751
-1.115283
-1.274408
-1.422995
-1.567071
-1.706733
-1.838291
-1.956971
-2.059914
-2.147848
-2.221348
-2.279866
-2.323395
-2.35205
-2.36441
-2.356117
-2.320289
-2.251096
-2.147429
-2.011334
-1.84513
-1.651828
-1.435581
-1.200916
-0.953808
-0.703082
-0.457633
-0.223615
-0.005309
0.194386
0.37455
0.536027
0.680751
0.811032
0.927603
1.03062
1.123729
1.213377
1.304349
1.397486
1.491849
1.586463
1.679465
1.768355
1.850729
1.923772
1.984241
2.029578
2.058017
2.066118
2.047044
1.992937
1.8976
1.7575
1.573412
1.351343
1.100417
0.831518
0.553847
0.271772
-0.011284
-0.2915
-0.566549
-0.835175
-1.09604
-1.347034
-1.585233
-1.807284
-2.010601
-2.194181
-2.358457
-2.503939
-2.629771
-2.734073
-2.814462
-2.867828
-2.891795
-2.886201
-2.851348
-2.786526
-2.690473
-2.561993
-2.399736
-2.201992
-1.968237
-1.700497
-1.403456
-1.084161
-0.75118
-0.41331
-0.078355
0.247069
0.55724
0.847739
1.11642
1.363668
1.590986
1.798956
1.986317
2.1509
2.290604
2.404551
2.494244
2.562628
2.611717
2.641118
2.649121
2.634849
2.598996
2.542374
2.464552
2.364087
2.239499
2.08997
1.915378
1.7163
1.4942
1.251814
0.993501
0.725188
0.453719
0.185929
-0.072132
-0.315592
-0.540624
-0.744074
-0.924082
-1.080787
-1.215441
-1.329609
-1.425192
-1.503557
-1.564666
-1.608019
-1.634999
-1.650242
-1.660071
-1.669095
-1.678154
-1.685697
-1.689139
-1.684621
-1.667122
-1.632272
-1.578369
-1.505673
-1.415284
-1.308871
-1.188258
-1.055277
-0.910605
-0.752928
-0.580974
-0.396071
-0.202764
-0.007297
0.185091
0.370365
0.543731
0.70062
0.838329
0.955738
1.053435
1.13369
1.198959
1.250667
1.289289
1.315695
1.332374
1.342491
1.347504
1.346001
1.335614
1.314748
1.2825
1.238366
1.181888
1.113863
1.03761
0.957299
0.87631
0.795668
0.712811
0.623821
0.525769
0.417313
0.298922
0.172648
0.041968
-0.088683
-0.215457
-0.336441
-0.452043
-0.564416
-0.67632
-0.790013
-0.906302
-1.024274
-1.141476
-1.254843
-1.361815
-1.460119
-1.547502
-1.62108
-1.676545
-1.709248
-1.715205
-1.691086
-1.635362
-1.549399
-1.436135
-1.298654
-1.139969
-0.96291
-0.770138
-0.56446
-0.349432
-0.129911
0.087706
0.296961
0.493273
0.673634
0.836236
0.981016
1.109761
1.224383
1.325025
1.411182
1.482911
1.54061
1.584754
1.617157
1.642094
1.664124
1.686089
1.709078
1.731169
1.746538
1.747987
1.729431
1.686516
1.61683
1.51967
1.395406
1.244614
1.069297
0.874391
0.665696
0.448329
0.227526
0.00758
-0.2095
-0.422078
-0.626849
-0.818735
-0.991658
-1.140314
-1.261782
-1.354056
-1.414567
-1.442343
-1.439396
-1.409716
-1.359013
-1.294516
-1.222842
-1.148499
-1.074075
-1.000616
-0.927791
-0.854166
-0.778194
-0.699261
-0.618227
-0.536518
-0.4547
-0.373407
-0.294232
-0.218461
-0.145919
-0.074916
-0.003041
0.071325
0.14792
0.225065
0.300269
0.370244
0.431633
0.481927
0.519361
0.542392
0.549563
0.539947
0.513343
0.469981
0.410311
0.337741
0.261407
0.19033
0.127531
0.07282
0.025654
-0.014415
-0.047114
-0.071398
-0.086197
-0.091177
-0.086538
-0.073287
-0.054271
-0.033057
-0.011962
0.00737
0.023557
0.036335
0.045484
0.049361
0.046066
0.034786
0.015938
-0.008111
-0.03264
-0.051847
-0.060441
-0.054946
-0.034676
-0.00151
0.040942
0.088294
0.136587
0.183185
0.226271
0.263853
0.293724
0.313449
0.320057
0.310112
0.282261
0.239871
0.18922
0.135412
0.080282
0.024326
-0.031052
-0.083276
-0.128917
-0.164431
-0.18675
-0.193403
-0.183039
-0.156466
-0.117305
-0.071053
-0.023326
0.020309
0.054333
0.074347
0.077547
0.062444
0.029425
-0.018534
-0.076718
-0.140371
-0.2057
-0.269334
-0.327881
-0.378205
-0.417512
-0.443734
-0.455837
-0.45348
-0.436922
-0.407486
-0.367984
-0.322077
-0.273246
-0.22506
-0.181306
-0.145351
-0.11963
-0.106043
-0.106453
-0.121769
-0.151166
-0.19229
-0.239996
-0.285296
-0.319631
-0.339124
-0.343194
-0.33294
-0.309897
-0.274482
-0.226638
-0.166428
-0.093636
-0.009475
0.08132
0.171714
0.253911
0.321564
0.372375
0.407111
0.428159
0.439241
0.443417
0.441094
0.431006
0.411728
0.382301
0.342844
0.294722
0.240051
0.183201
0.132147
0.095077
0.07772
0.080591
0.096702
0.11606
0.129884
0.131108
0.114593
0.077079
0.021791
-0.037471
-0.086706
-0.122001
-0.146151
-0.164305
-0.182688
-0.20541
-0.231406
-0.256084
-0.273915
-0.27828
-0.261969
-0.219119
-0.147988
-0.052408
0.060149
0.1811
0.302085
0.416252
0.518906
0.606642
0.676645
0.726519
0.754085
0.757574
0.735669
0.687289
0.613705
0.520837
0.417275
0.310047
0.202448
0.096232
-0.006321
-0.101387
-0.182594
-0.242519
-0.275664
-0.280347
-0.257915
-0.211971
-0.148629
-0.075822
-0.001916
0.065533
0.120612
0.159282
0.178857
0.177239
0.152421
0.106084
0.047548
-0.013185
-0.07256
-0.129794
-0.182437
-0.225738
-0.253886
-0.261041
-0.24127
-0.190309
-0.107799
0.003253
0.136984
0.284179
0.432847
0.569634
0.681395
0.759781
0.805025
0.822135
0.817071
0.793503
0.749887
0.683273
0.592947
0.48055
0.350013
0.210444
0.07854
-0.026036
-0.088779
-0.105175
-0.078616
-0.017019
0.068704
0.166773
0.266452
0.359158
0.43847
0.499223
0.536187
0.543079
0.51402
0.445932
0.338285
0.192709
0.013185
-0.194434
-0.422485
-0.661659
-0.901723
-1.132158
-1.342446
-1.52258
-1.664082
-1.761106
-1.811585
-1.817777
-1.785531
-1.722929
-1.638929
-1.541471
-1.435982
-1.325657
-1.212139
-1.095778
-0.976959
-0.857331
-0.73882
-0.622496
-0.508417
-0.395263
-0.280211
-0.159741
-0.030662
0.109113
0.260626
0.424223
0.598906
0.782022
0.968958
1.152879
1.326108
1.481424
1.612462
1.714109
1.783422
1.820361
1.827037
1.806134
1.7598
1.689702
1.597827
1.48706
1.360967
1.223055
1.076319
0.923498
0.767099
0.608852
0.449928
0.291442
0.134033
-0.022376
-0.178183
-0.333812
-0.490126
-0.648801
-0.811352
-0.978075
-1.147754
-1.317741
-1.484365
-1.643538
-1.790861
-1.921658
-2.031941
-2.119072
-2.181552
-2.218436
-2.228725
-2.211268
-2.165906
-2.09453
-2.000082
-1.885586
-1.754289
-1.608884
-1.450713
-1.280661
-1.099995
-0.910299
-0.71339
-0.511159
-0.306205
-0.102352
0.096693
0.288458
0.47154
0.646197
0.814735
0.979746
1.142583
1.303247
1.459721
1.607545
1.741246
1.85585
1.94774
2.015294
2.058672
2.079205
2.078598
2.058073
2.018389
1.96025
1.884083
1.789486
1.675193
1.540169
1.384425
1.208925
1.016254
0.811211
0.59959
0.386946
0.178285
-0.02223
-0.212249
-0.391927
-0.562612
-0.725367
-0.880407
-1.026838
-1.162806
-1.285688
-1.392464
-1.480744
-1.549555
-1.599682
-1.633637
-1.654841
-1.666718
-1.672133
-1.672549
-1.667427
-1.654886
-1.630998
-1.591562
-1.535863
-1.464511
-1.377738
-1.276388
-1.161668
-1.034826
-0.896886
-0.748561
-0.590404
-0.423154
-0.248089
-0.067215
0.116798
0.300858
0.481731
0.65625
0.821449
0.974684
1.11377
1.237138
1.343925
1.433965
1.507667
1.565813
1.609329
1.639084
1.655755
1.659771
1.651347
1.630567
1.597487
1.552226
1.495009
1.426164
1.346082
1.255172
1.15384
1.042504
0.921643
0.791878
0.654042
0.509248
0.358917
0.204781
0.048851
-0.106653
-0.259397
-0.407054
-0.547428
-0.67858
-0.79891
-0.907212
-1.002676
-1.084848
-1.153572
-1.208909
-1.251063
-1.280328
-1.297047
-1.301592
-1.294358
-1.275752
-1.246198
-1.206119
-1.155933
-1.096042
-1.026829
-0.948668
-0.861948
-0.767099
-0.664634
-0.555195
-0.439588
-0.318811
-0.19407
-0.066764
0.061543
0.189174
0.314402
0.435525
0.550931
0.659157
0.758936
0.849216
0.929176
0.998215
1.055939
1.102144
1.136783
1.159954
1.171864
1.172815
1.163178
1.143369
1.113832
1.075018
1.027373
0.971334
0.907326
0.835774
0.757128
0.671878
0.580581
0.483883
0.382545
0.27745
0.169609
0.060146
-0.049718
-0.158701
-0.26549
-0.368786
-0.467341
-0.559994
-0.645697
-0.723543
-0.792776
-0.852799
-0.903178
-0.943633
-0.974035
-0.994387
-1.004812
-1.005532
-0.99685
-0.979127
-0.952765
-0.91819
-0.875842
-0.826166
-0.769612
-0.706642
-0.637735
-0.563406
-0.484215
-0.400782
-0.313797
-0.224024
-0.132305
-0.039547
0.053285