0	0	0	0	0	0
-0.005388	-0.022	0	0	0	-2.008
-0.025	-0.078	0	0	0	-7.41
-0.063	-0.151	0	0	0	-14.7
-0.134	-0.263	0	0	0	-25.972
-0.259	-0.46	0	0	0	-45.709
-0.455	-0.71	0	0	0	-71.398
-0.712	-0.904	0	0	0	-92.817
-1.003	-0.961	0	0	0	-102.022
-1.303	-0.94	0	0	0	-103.047
-1.616	-0.993	0	0	0	-109.525
-1.97	-1.215	0	0	0	-131.144
-2.394	-1.529	0	0	0	-162.23
-2.883	-1.738	0	0	0	-185.4
-3.409	-1.781	0	0	0	-193.853
-3.954	-1.778	0	0	0	-196.933
-4.492	-1.793	0	0	0	-200.149
-5.007	-1.825	0	0	0	-203.979
-5.497	-1.92	0	0	0	-213.419
-5.98	-2.127	0	0	0	-233.721
-6.486	-2.454	0	0	0	-266.24
-7.018	-2.741	0	0	0	-296.722
-7.498	-2.632	0	0	0	-291.701
-7.826	-2.109	0	0	0	-246.106
-7.978	-1.676	0	0	0	-204.022
-7.994	-1.669	0	0	0	-197.814
-7.938	-1.978	0	0	0	-221.966
-7.907	-2.489	0	0	0	-269.131
-8.013	-3.238	0	0	0	-342.902
-8.328	-4.121	0	0	0	-433.449
-8.825	-4.785	0	0	0	-507.111
-9.416	-5.046	0	0	0	-543.935
-10.014	-5.092	0	0	0	-557.908
-10.556	-5.14	0	0	0	-567.615
-11	-5.142	0	0	0	-570.09
-11.309	-4.856	0	0	0	-543.965
-11.434	-4.118	0	0	0	-473.263
-11.331	-3.018	0	0	0	-363.854
-10.938	-1.661	0	0	0	-224.197
-10.167	-0.092	0	0	0	-58.805
-8.976	1.41	0	0	0	105.134
-7.362	2.594	0	0	0	241.997
-5.318	3.551	0	0	0	356.885
-2.85	4.449	0	0	0	463.795
0.023	5.353	0	0	0	568.9
3.296	6.34	0	0	0	680.606
7.008	7.606	0	0	0	817.978
11.232	9.287	0	0	0	994.897
16.042	11.345	0	0	0	1209.939
21.454	13.511	0	0	0	1439.703
27.358	15.326	0	0	0	1641.394
33.537	16.523	0	0	0	1787.04
39.751	17.241	0	0	0	1885.288
45.817	17.84	0	0	0	1967.26
51.6	18.46	0	0	0	2047.146
56.978	18.881	0	0	0	2106.932
61.819	18.9	0	0	0	2127.738
65.985	18.522	0	0	0	2107.405
69.319	17.82	0	0	0	2050.257
71.636	16.82	0	0	0	1957.398
72.726	15.483	0	0	0	1824.722
72.451	14.112	0	0	0	1679.332
70.889	13.491	0	0	0	1595.199
68.321	14.098	0	0	0	1623.427
65.147	15.784	0	0	0	1759.998
61.819	18.249	0	0	0	1984.127
58.783	21.364	0	0	0	2286.21
56.321	24.675	0	0	0	2623.591
54.402	27.096	0	0	0	2891.866
52.838	28.195	0	0	0	3040.635
51.529	28.74	0	0	0	3128.581
50.516	29.487	0	0	0	3221.416
49.976	30.487	0	0	0	3328.301
50.151	31.404	0	0	0	3424.087
51.266	32.008	0	0	0	3489.251
53.457	32.323	0	0	0	3524.697
56.772	32.615	0	0	0	3554.184
61.083	32.827	0	0	0	3574.248
65.937	32.08	0	0	0	3504.498
70.634	29.608	0	0	0	3269.17
74.419	25.415	0	0	0	2858.345
76.602	19.787	0	0	0	2291.198
76.637	12.92	0	0	0	1584.726
74.106	4.897	0	0	0	749.618
68.759	-3.745	0	0	0	-160.824
60.595	-11.801	0	0	0	-1029.653
49.788	-18.348	0	0	0	-1761.391
36.578	-23.232	0	0	0	-2329.704
21.215	-26.638	0	0	0	-2744.681
3.871	-29.008	0	0	0	-3047.116
-15.402	-31.101	0	0	0	-3312.833
-36.509	-33.265	0	0	0	-3582.499
-59.088	-35.073	0	0	0	-3822.658
-82.512	-36.197	0	0	0	-4001.206
-105.957	-36.79	0	0	0	-4124.821
-128.484	-37.042	0	0	0	-4204.309
-149.124	-36.886	0	0	0	-4230.967
-166.963	-36.057	0	0	0	-4179.992
-181.204	-34.289	0	0	0	-4026.56
-191.209	-31.443	0	0	0	-3756.682
-196.511	-27.511	0	0	0	-3368.533
-196.784	-22.575	0	0	0	-2869.064
-191.948	-17.435	0	0	0	-2332.339
-182.339	-13.801	0	0	0	-1920.487
-168.609	-12.787	0	0	0	-1749.456
-151.576	-14.246	0	0	0	-1822.023
-132.146	-17.558	0	0	0	-2090.182
-111.243	-22.178	0	0	0	-2502.833
-89.78	-27.692	0	0	0	-3015.534
-68.666	-33.689	0	0	0	-3584.8
-48.81	-39.764	0	0	0	-4170.647
-30.943	-44.855	0	0	0	-4673.699
-15.375	-47.064	0	0	0	-4912.915
-2.108	-45.358	0	0	0	-4776.693
8.984	-40.2	0	0	0	-4287.237
18.109	-32.46	0	0	0	-3512.549
25.555	-22.687	0	0	0	-2503.015
31.75	-11.075	0	0	0	-1282.61
37.311	2.275	0	0	0	132.937
43.041	17.189	0	0	0	1723.638
49.361	31.299	0	0	0	3266.472
55.57	39.359	0	0	0	4257.042
60.603	39.993	0	0	0	4518.121
64.219	38.358	0	0	0	4475.563
66.955	38.89	0	0	0	4538.373
69.73	41.603	0	0	0	4751.841
73.498	44.695	0	0	0	4992.226
78.716	46.239	0	0	0	5096.075
84.998	44.369	0	0	0	4880.99
91.279	38.246	0	0	0	4249.237
96.108	28.305	0	0	0	3223.415
97.986	15.843	0	0	0	1917.619
95.803	2.714	0	0	0	512.276
89.103	-9.625	0	0	0	-835.005
78.157	-20.336	0	0	0	-2019.508
63.826	-28.748	0	0	0	-2957.417
47.209	-34.184	0	0	0	-3574.275
29.28	-36.083	0	0	0	-3813.708
10.684	-34.232	0	0	0	-3656.444
-8.324	-29.224	0	0	0	-3161.494
-27.786	-22.523	0	0	0	-2475.38
-47.77	-15.619	0	0	0	-1756.591
-68.112	-9.607	0	0	0	-1131.318
-88.354	-5.487	0	0	0	-712.732
-107.832	-4.317	0	0	0	-609.003
-125.768	-6.542	0	0	0	-863.062
-141.331	-11.437	0	0	0	-1401.486
-153.804	-17.754	0	0	0	-2095.477
-162.692	-24.297	0	0	0	-2818.078
-167.869	-30.465	0	0	0	-3500.958
-169.712	-36.623	0	0	0	-4173.386
-168.982	-43.22	0	0	0	-4882.405
-166.502	-49.854	0	0	0	-5598.723
-162.852	-55.45	0	0	0	-6222.513
-158.324	-59.357	0	0	0	-6679.274
-152.978	-61.553	0	0	0	-6946.722
-146.678	-61.886	0	0	0	-6995.889
-139.256	-60.27	0	0	0	-6812.256
-130.698	-57.108	0	0	0	-6434.655
-121.134	-52.649	0	0	0	-5895.618
-110.775	-46.73	0	0	0	-5194.303
-99.72	-38.684	0	0	0	-4281.978
-87.686	-27.417	0	0	0	-3062.811
-74.035	-12.728	0	0	0	-1513.363
-58.167	3.441	0	0	0	194.899
-39.952	17.685	0	0	0	1742.429
-19.784	27.668	0	0	0	2888.067
1.565	33.014	0	0	0	3563.517
23.06	34.084	0	0	0	3780.117
43.795	32.098	0	0	0	3645.805
63.398	29.432	0	0	0	3391.515
81.99	27.914	0	0	0	3211.978
99.975	28.014	0	0	0	3181.975
117.661	28.954	0	0	0	3252.546
134.769	29.006	0	0	0	3269.952
150.401	27.255	0	0	0	3136.423
163.26	24.114	0	0	0	2869.544
172.112	20.972	0	0	0	2584.467
176.358	19.833	0	0	0	2468.028
176.17	21.73	0	0	0	2632.119
172.255	25.815	0	0	0	3018.001
165.485	30.223	0	0	0	3461.651
156.649	33.71	0	0	0	3838.775
146.289	36.127	0	0	0	4117.812
134.712	38.062	0	0	0	4339.364
122.166	40.486	0	0	0	4588.397
108.955	43.865	0	0	0	4911.334
95.417	47.424	0	0	0	5241.143
81.86	49.44	0	0	0	5416.288
68.585	48.606	0	0	0	5304.301
55.863	44.631	0	0	0	4865.46
43.809	37.661	0	0	0	4109.521
32.397	28.415	0	0	0	3109.518
21.624	18.485	0	0	0	2026.441
11.583	9.529	0	0	0	1031.589
2.503	2.637	0	0	0	244.272
-5.365	-2.137	0	0	0	-316.634
-12.009	-5.881	0	0	0	-747.257
-17.699	-9.56	0	0	0	-1144.177
-22.907	-13.388	0	0	0	-1539.422
-28.218	-17.291	0	0	0	-1935.205
-34.072	-20.753	0	0	0	-2286.583
-40.489	-22.654	0	0	0	-2488.422
-47.147	-22.534	0	0	0	-2491.636
-53.61	-21.214	0	0	0	-2366
-59.448	-19.685	0	0	0	-2204.888
-64.277	-18.085	0	0	0	-2029.948
-67.745	-15.803	0	0	0	-1791.747
-69.586	-12.447	0	0	0	-1452.9
-69.637	-8.199	0	0	0	-1024.154
-67.775	-3.369	0	0	0	-531.111
-63.84	1.841	0	0	0	6.013
-57.582	7.281	0	0	0	571.043
-48.799	12.294	0	0	0	1103.002
-37.579	15.618	0	0	0	1484.852
-24.318	16.591	0	0	0	1648.98
-9.625	15.653	0	0	0	1626.345
5.793	13.666	0	0	0	1490.723
21.262	11.342	0	0	0	1307.702
36.188	9.044	0	0	0	1113.409
50.042	6.817	0	0	0	913.661
62.451	5.035	0	0	0	742.903
73.321	4.684	0	0	0	695.844
82.744	6.29	0	0	0	832.358
90.688	8.932	0	0	0	1081.585
96.765	10.774	0	0	0	1278.387
100.325	10.766	0	0	0	1313.217
100.687	9.086	0	0	0	1182.075
97.317	6.152	0	0	0	908.955
90.132	2.896	0	0	0	576.637
79.753	1.149	0	0	0	362.031
67.316	2.092	0	0	0	393.875
54.167	5.604	0	0	0	684.3
41.656	11.24	0	0	0	1206.754
30.629	17.466	0	0	0	1820.799
20.921	21.112	0	0	0	2218.705
11.81	21.005	0	0	0	2258.602
2.82	19.462	0	0	0	2121.78
-6.073	18.521	0	0	0	1992.63
-14.438	18.096	0	0	0	1886.445
-21.481	17.393	0	0	0	1755.556
-26.279	16.22	0	0	0	1594.907
-27.998	15.156	0	0	0	1461.382
-26.292	14.098	0	0	0	1348.656
-21.699	11.54	0	0	0	1116.941
-15.515	6.518	0	0	0	662.773
-9.4	-0.531	0	0	0	2.342
-4.774	-8.1	0	0	0	-743.207
-2.221	-14.095	0	0	0	-1380.556
-1.523	-17.661	0	0	0	-1810.771
-2.043	-19.508	0	0	0	-2072.419
-3.217	-21.061	0	0	0	-2279.225
-5.02	-23.849	0	0	0	-2571.157
-7.974	-28.316	0	0	0	-3002.657
-12.776	-33.14	0	0	0	-3469.936
-19.873	-36.126	0	0	0	-3779.758
-29.292	-36.159	0	0	0	-3822.484
-40.625	-33.778	0	0	0	-3633.966
-53.079	-30.155	0	0	0	-3313.647
-65.753	-26.691	0	0	0	-2990.898
-77.997	-24.888	0	0	0	-2811.649
-89.558	-25.49	0	0	0	-2857.234
-100.467	-27.832	0	0	0	-3079.491
-110.805	-30.36	0	0	0	-3341.271
-120.517	-31.989	0	0	0	-3537.078
-129.321	-32.627	0	0	0	-3647.066
-136.71	-32.645	0	0	0	-3696.74
-142.222	-32.991	0	0	0	-3770.943
-145.804	-35.246	0	0	0	-4018.943
-147.89	-40.387	0	0	0	-4540.602
-149.094	-47.409	0	0	0	-5254.422
-149.802	-53.689	0	0	0	-5918.438
-150.029	-57.208	0	0	0	-6328.538
-149.447	-57.494	0	0	0	-6415.045
-147.576	-55.302	0	0	0	-6228.979
-144.122	-52.186	0	0	0	-5911.482
-139.064	-49.198	0	0	0	-5571.849
-132.628	-46.445	0	0	0	-5236.538
-125.161	-43.355	0	0	0	-4863.463
-116.889	-38.896	0	0	0	-4359.539
-107.803	-32.442	0	0	0	-3661.381
-97.616	-24.102	0	0	0	-2772.553
-85.777	-14.325	0	0	0	-1731.943
-71.607	-3.62	0	0	0	-588.628
-54.625	7.043	0	0	0	564.357
-34.886	16.137	0	0	0	1579.636
-12.978	22.722	0	0	0	2358.648
10.182	26.951	0	0	0	2899.987
33.688	29.761	0	0	0	3279.062
56.984	32.433	0	0	0	3612.766
79.903	35.611	0	0	0	3969.731
102.464	38.921	0	0	0	4329.041
124.632	41.581	0	0	0	4628.048
146.186	43.267	0	0	0	4839.635
166.697	44.385	0	0	0	4999.967
185.499	45.318	0	0	0	5143.933
201.799	46.276	0	0	0	5289.918
214.954	47.821	0	0	0	5486.788
224.605	50.311	0	0	0	5765.634
230.737	53.567	0	0	0	6110.92
233.69	57.317	0	0	0	6500.468
233.991	61.268	0	0	0	6909.981
232.167	65.161	0	0	0	7317.128
228.56	68.565	0	0	0	7681.371
223.197	70.73	0	0	0	7927.909
215.893	71.202	0	0	0	8003.05
206.524	70.39	0	0	0	7930.492
195.25	69.198	0	0	0	7786.33
182.504	67.932	0	0	0	7603.555
168.766	65.75	0	0	0	7315.52
154.323	61.312	0	0	0	6805.337
139.267	54.269	0	0	0	6038.054
123.622	45.665	0	0	0	5104.832
107.393	36.721	0	0	0	4120.679
90.581	28.092	0	0	0	3156.684
73.229	20.059	0	0	0	2250.304
55.371	12.478	0	0	0	1395.425
36.957	4.735	0	0	0	537.117
17.973	-3.265	0	0	0	-336.966
-1.429	-10.672	0	0	0	-1152.478
-21.021	-16.882	0	0	0	-1850.992
-40.628	-22.122	0	0	0	-2446.312
-60.089	-26.698	0	0	0	-2963.295
-79.195	-30.527	0	0	0	-3396.324
-97.651	-33.439	0	0	0	-3733.751
-115.089	-35.474	0	0	0	-3981.843
-131.123	-36.868	0	0	0	-4163.307
-145.451	-38.067	0	0	0	-4320.277
-157.935	-39.657	0	0	0	-4508.762
-168.562	-41.998	0	0	0	-4765.87
-177.385	-45.085	0	0	0	-5095.226
-184.427	-48.526	0	0	0	-5463.518
-189.614	-51.661	0	0	0	-5808.631
-192.8	-54.056	0	0	0	-6084.882
-193.837	-55.674	0	0	0	-6280.183
-192.689	-56.894	0	0	0	-6422.802
-189.52	-58.178	0	0	0	-6553.51
-184.571	-59.255	0	0	0	-6651.157
-178.098	-59.458	0	0	0	-6657.582
-170.352	-58.496	0	0	0	-6544.679
-161.545	-56.478	0	0	0	-6319.3
-151.801	-53.507	0	0	0	-5989.42
-141.104	-49.447	0	0	0	-5542.351
-129.327	-44.18	0	0	0	-4966.79
-116.3	-37.773	0	0	0	-4267.909
-101.871	-30.369	0	0	0	-3458.503
-85.952	-22.093	0	0	0	-2551.847
-68.592	-13.364	0	0	0	-1589.715
-50.038	-5.039	0	0	0	-656.85
-30.67	2.219	0	0	0	175.663
-10.903	8.23	0	0	0	879.389
8.918	13.267	0	0	0	1471.001
28.642	17.956	0	0	0	2006.794
48.257	22.635	0	0	0	2524.922
67.698	26.857	0	0	0	2993.819
86.664	29.711	0	0	0	3333.317
104.714	31.14	0	0	0	3533.136
121.465	32.297	0	0	0	3692.559
136.633	34.158	0	0	0	3903.032
150.023	36.827	0	0	0	4183.921
161.533	40.016	0	0	0	4517.897
171.085	43.25	0	0	0	4864.754
178.543	45.884	0	0	0	5162.445
183.748	47.566	0	0	0	5371.12
186.609	48.605	0	0	0	5511.307
187.144	49.61	0	0	0	5634.999
185.439	50.745	0	0	0	5759.201
181.647	51.828	0	0	0	5870.617
176.035	52.819	0	0	0	5966.236
168.955	53.719	0	0	0	6044.804
160.779	54.39	0	0	0	6091.929
151.792	54.424	0	0	0	6069.136
142.095	53.204	0	0	0	5917.758
131.623	50.328	0	0	0	5597.248
120.303	46.062	0	0	0	5128.65
108.222	41.252	0	0	0	4590.543
95.584	36.312	0	0	0	4028.313
82.555	30.821	0	0	0	3411.661
69.228	24.432	0	0	0	2711.569
55.62	17.34	0	0	0	1944.051
41.713	10.085	0	0	0	1157.297
27.513	3.3	0	0	0	412.337
13.06	-2.612	0	0	0	-248.087
-1.579	-7.552	0	0	0	-809.484
-16.28	-11.512	0	0	0	-1268.624
-30.825	-14.485	0	0	0	-1624.46
-44.915	-16.568	0	0	0	-1885.267
-58.255	-18.119	0	0	0	-2083.217
-70.654	-19.675	0	0	0	-2268.606
-81.963	-21.238	0	0	0	-2445.092
-91.992	-22.343	0	0	0	-2572.883
-100.593	-23.049	0	0	0	-2657.343
-107.656	-23.758	0	0	0	-2735.238
-113.086	-24.619	0	0	0	-2823.413
-116.831	-25.616	0	0	0	-2924.852
-118.9	-26.758	0	0	0	-3043.223
-119.372	-28.139	0	0	0	-3187.206
-118.409	-29.843	0	0	0	-3364.059
-116.244	-31.869	0	0	0	-3573.218
-113.107	-33.898	0	0	0	-3785
-109.108	-35.272	0	0	0	-3936.305
-104.24	-35.532	0	0	0	-3978.57
-98.508	-34.933	0	0	0	-3927.11
-92.062	-34.243	0	0	0	-3848.541
-85.193	-33.9	0	0	0	-3786.747
-78.255	-33.739	0	0	0	-3734.177
-71.552	-33.233	0	0	0	-3648.254
-65.211	-31.746	0	0	0	-3470.672
-59.189	-29.005	0	0	0	-3172.347
-53.348	-25.26	0	0	0	-2771.54
-47.52	-20.977	0	0	0	-2310.108
-41.556	-16.524	0	0	0	-1825.322
-35.366	-12.125	0	0	0	-1342.953
-28.955	-7.972	0	0	0	-885.795
-22.418	-4.254	0	0	0	-474.639
-15.864	-0.968	0	0	0	-111.91
-9.31	2.135	0	0	0	224.696
-2.651	5.237	0	0	0	554.165
4.272	8.165	0	0	0	864.715
11.572	10.543	0	0	0	1124.3
19.266	12.24	0	0	0	1320.178
27.259	13.42	0	0	0	1465.599
35.353	14.275	0	0	0	1577.532
43.294	14.97	0	0	0	1671.621
50.835	15.656	0	0	0	1762.455
57.791	16.509	0	0	0	1866.047
64.084	17.703	0	0	0	1998.769
69.662	18.991	0	0	0	2139.461
74.373	19.613	0	0	0	2218.222
77.939	19.013	0	0	0	2179.755
80.005	17.186	0	0	0	2016.312
80.177	14.353	0	0	0	1742.479
78.192	11.081	0	0	0	1408.052
74.079	8.337	0	0	0	1104.924
68.123	6.677	0	0	0	893.048
60.739	5.937	0	0	0	768.159
52.384	5.756	0	0	0	704.171
43.423	5.752	0	0	0	667.637
34.041	5.492	0	0	0	616.269
24.272	4.761	0	0	0	525.059
14.189	3.995	0	0	0	429.419
4.105	4.182	0	0	0	419.89
-5.395	5.941	0	0	0	561.218
-13.711	8.471	0	0	0	790.143
-20.56	9.795	0	0	0	926.978
-26.012	8.684	0	0	0	844.989
-30.389	5.327	0	0	0	540.786
-34.206	0.307	0	0	0	53.411
-37.904	-5.438	0	0	0	-533.743
-41.577	-10.399	0	0	0	-1074.772
-45.117	-14.117	0	0	0	-1511.689
-48.505	-17.812	0	0	0	-1942.348
-51.615	-21.621	0	0	0	-2376.097
-53.908	-23.313	0	0	0	-2607.276
-54.835	-21.97	0	0	0	-2537.4
-54.374	-19.775	0	0	0	-2348.016
-52.952	-18.707	0	0	0	-2220.715
-51.168	-18.691	0	0	0	-2168.429
-49.497	-18.576	0	0	0	-2105.967
-48.009	-17.304	0	0	0	-1942.392
-46.459	-14.874	0	0	0	-1671.457
-44.555	-12.236	0	0	0	-1374.08
-42.113	-10.192	0	0	0	-1126.316
-39.105	-8.946	0	0	0	-955.616
-35.673	-8.43	0	0	0	-864.7
-31.967	-7.977	0	0	0	-798.153
-27.928	-6.219	0	0	0	-629.364
-23.325	-2.46	0	0	0	-283.681
-17.824	2.807	0	0	0	209.539
-11.249	7.771	0	0	0	695.029
-3.963	9.626	0	0	0	910.937
3.393	7.68	0	0	0	772.756
10.371	4.359	0	0	0	482.675
16.783	2.07	0	0	0	263.934
22.676	1.552	0	0	0	206.327
28.315	2.729	0	0	0	324.516
34.005	5.222	0	0	0	592.261
39.896	8.328	0	0	0	940.313
45.929	11.471	0	0	0	1302.867
51.826	14.345	0	0	0	1637.697
57.082	16.592	0	0	0	1900.955
61.165	18.131	0	0	0	2079.675
63.814	19.474	0	0	0	2220.567
65.143	21.017	0	0	0	2366.258
65.588	22.697	0	0	0	2519.807
65.769	24.378	0	0	0	2675.725
66.209	25.771	0	0	0	2810.888
67.079	26.318	0	0	0	2874.672
68.205	25.812	0	0	0	2844.355
69.2	24.636	0	0	0	2749.124
69.628	23.309	0	0	0	2631.732
69.195	22.284	0	0	0	2530.846
67.811	21.607	0	0	0	2450.82
65.471	20.54	0	0	0	2325.021
62.307	18.748	0	0	0	2122.413
58.706	17.186	0	0	0	1932.84
55.051	16.316	0	0	0	1808.199
51.399	15.185	0	0	0	1671.918
47.519	13.075	0	0	0	1457.518
43.101	10.461	0	0	0	1197.262
37.911	8.129	0	0	0	953.792
31.833	6.085	0	0	0	726.596
24.923	4.029	0	0	0	491.75
17.456	2.196	0	0	0	274.183
9.822	0.925	0	0	0	109.783
2.44	0.289	0	0	0	11.774
-4.293	0.305	0	0	0	-12.552
-10.043	1.098	0	0	0	50.153
-14.652	2.445	0	0	0	178.484
-18.231	3.489	0	0	0	289.308
-21.065	3.506	0	0	0	307.085
-23.474	2.333	0	0	0	205.709
-25.742	0.012	0	0	0	-18.718
-28.005	-3.103	0	0	0	-335.646
-30.163	-6.209	0	0	0	-667.402
-32.036	-8.97	0	0	0	-974.01
-33.581	-11.906	0	0	0	-1294.436
-34.933	-15.439	0	0	0	-1665.961
-36.385	-19.444	0	0	0	-2081.887
-38.224	-23.129	0	0	0	-2474.282
-40.503	-25.21	0	0	0	-2722.902
-43.027	-25.022	0	0	0	-2754.879
-45.543	-23.302	0	0	0	-2623.316
-47.938	-21.61	0	0	0	-2465.917
-50.223	-20.864	0	0	0	-2374.924
-52.466	-20.907	0	0	0	-2350.416
-54.72	-21.138	0	0	0	-2346.968
-56.955	-20.969	0	0	0	-2311.833
-59.058	-20.155	0	0	0	-2218.425
-60.883	-18.878	0	0	0	-2079.59
-62.282	-17.549	0	0	0	-1933.699
-63.132	-16.518	0	0	0	-1817.627
-63.382	-16.001	0	0	0	-1757.915
-63.041	-15.924	0	0	0	-1752.144
-62.114	-15.833	0	0	0	-1758.314
-60.593	-15.445	0	0	0	-1743.682
-58.524	-15.133	0	0	0	-1733.436
-56.063	-15.654	0	0	0	-1792.878
-53.429	-17.3	0	0	0	-1952.327
-50.77	-19.414	0	0	0	-2158.262
-48.063	-20.85	0	0	0	-2305.738
-45.15	-20.889	0	0	0	-2319.681
-41.811	-19.446	0	0	0	-2179.311
-37.901	-16.934	0	0	0	-1914.599
-33.475	-14.146	0	0	0	-1600.235
-28.751	-11.566	0	0	0	-1291.997
-24.008	-9.234	0	0	0	-1008.098
-19.479	-6.923	0	0	0	-737.671
-15.202	-4.202	0	0	0	-443.075
-11.043	-0.993	0	0	0	-111.299
-6.761	2.369	0	0	0	235.061
-2.13	5.332	0	0	0	549.202
2.898	7.201	0	0	0	764.697
8.165	7.676	0	0	0	845.782
13.345	6.948	0	0	0	801.061
18.057	5.489	0	0	0	670.011
22.013	3.952	0	0	0	514.703
25.08	2.724	0	0	0	378.083
27.261	1.822	0	0	0	269.553
28.666	1.181	0	0	0	187.944
29.381	0.534	0	0	0	110.218
29.308	-0.694	0	0	0	-18.081
28.165	-2.883	0	0	0	-236.324
25.635	-5.646	0	0	0	-514.572
21.562	-8	0	0	0	-764.186
16.018	-9.275	0	0	0	-918.454
9.28	-9.479	0	0	0	-970.145
1.783	-8.905	0	0	0	-940.992
-5.985	-7.832	0	0	0	-855.778
-13.571	-6.45	0	0	0	-733.518
-20.615	-4.882	0	0	0	-586.444
-26.868	-3.164	0	0	0	-418.804
-32.158	-1.251	0	0	0	-227.192
-36.325	0.937	0	0	0	-5.536
-39.177	3.323	0	0	0	237.915
-40.499	5.593	0	0	0	473.093
-40.077	7.457	0	0	0	671.633
-37.738	8.832	0	0	0	824.277
-33.349	10.012	0	0	0	958.245
-26.766	11.696	0	0	0	1141.234
-17.973	13.966	0	0	0	1387.362
-7.268	15.853	0	0	0	1611.019
4.81	16.628	0	0	0	1738.927
17.614	16.378	0	0	0	1766.443
30.469	15.372	0	0	0	1708.336
42.73	13.631	0	0	0	1564.206
53.87	11.319	0	0	0	1351.297
63.58	9.104	0	0	0	1135.484
71.726	7.576	0	0	0	978.359
78.227	6.692	0	0	0	884.315
82.939	5.975	0	0	0	813.533
85.618	5.094	0	0	0	732.321
86.003	4.255	0	0	0	652.65
83.947	3.983	0	0	0	618.866
79.461	4.467	0	0	0	650.333
72.719	5.411	0	0	0	724.626
64.009	6.322	0	0	0	798.479
53.655	6.698	0	0	0	822.995
41.985	6.262	0	0	0	767.33
29.353	5.185	0	0	0	642.187
16.172	3.979	0	0	0	493.407
2.874	2.994	0	0	0	356.913
-10.125	2.244	0	0	0	239.514
-22.415	1.668	0	0	0	139.43
-33.653	1.005	0	0	0	33.331
-43.662	-0.372	0	0	0	-138.16
-52.43	-2.93	0	0	0	-422.84
-60.033	-6.549	0	0	0	-814.371
-66.555	-10.699	0	0	0	-1264.8
-72.006	-14.741	0	0	0	-1709.927
-76.342	-18.378	0	0	0	-2113.665
-79.597	-21.949	0	0	0	-2500.144
-81.801	-25.332	0	0	0	-2857.496
-82.902	-27.693	0	0	0	-3110.81
-82.917	-28.867	0	0	0	-3242.595
-81.948	-29.176	0	0	0	-3278.792
-80.131	-28.73	0	0	0	-3228.915
-77.666	-27.702	0	0	0	-3111.321
-74.761	-26.326	0	0	0	-2951.904
-71.567	-24.763	0	0	0	-2769.893
-68.126	-23.005	0	0	0	-2568.658
-64.352	-20.861	0	0	0	-2332.141
-60.087	-18.261	0	0	0	-2051.84
-55.201	-15.476	0	0	0	-1749.341
-49.674	-12.942	0	0	0	-1464.224
-43.597	-10.859	0	0	0	-1218.727
-37.136	-9.136	0	0	0	-1010.474
-30.457	-7.478	0	0	0	-816.735
-23.618	-5.471	0	0	0	-599.639
-16.589	-2.982	0	0	0	-342.08
-9.283	-0.204	0	0	0	-55.656
-1.638	2.503	0	0	0	230.716
6.307	4.733	0	0	0	479.622
14.407	6.373	0	0	0	677.214
22.462	7.649	0	0	0	839.762
30.275	8.941	0	0	0	1000.448
37.739	10.676	0	0	0	1199.663
44.854	13.065	0	0	0	1460.981
51.706	16.049	0	0	0	1782.502
58.425	19.458	0	0	0	2150.13
65.143	23.148	0	0	0	2549.549
71.948	27.016	0	0	0	2969.1
78.863	30.959	0	0	0	3397.456
85.799	34.626	0	0	0	3800.88
92.504	37.362	0	0	0	4115.763
98.643	38.741	0	0	0	4296.345
103.89	38.778	0	0	0	4335.647
108.001	37.736	0	0	0	4252.527
110.857	35.974	0	0	0	4079.948
112.461	33.854	0	0	0	3855.843
112.913	31.791	0	0	0	3625.611
112.355	30.094	0	0	0	3425.482
110.908	28.875	0	0	0	3272.509
108.659	28.196	0	0	0	3176.094
105.551	27.651	0	0	0	3099.575
101.266	26.166	0	0	0	2940.26
95.451	23.489	0	0	0	2665.481
88.058	20.837	0	0	0	2379.619
79.364	19.263	0	0	0	2183.387
69.766	18.365	0	0	0	2052.978
59.534	16.777	0	0	0	1870.495
48.745	13.701	0	0	0	1556.075
37.327	9.345	0	0	0	1114.378
25.221	4.623	0	0	0	618.795
12.592	0.814	0	0	0	187.732
-0.214	-1.485	0	0	0	-112.39
-12.873	-2.99	0	0	0	-333.998
-25.238	-5.141	0	0	0	-604.703
-37.285	-8.669	0	0	0	-998.912
-48.989	-13.169	0	0	0	-1490.049
-60.308	-17.978	0	0	0	-2020.438
-71.187	-22.669	0	0	0	-2544.958
-81.567	-27.091	0	0	0	-3040.475
-91.355	-31.074	0	0	0	-3484.201
-100.315	-34.093	0	0	0	-3824.662
-108.065	-35.613	0	0	0	-4009.812
-114.166	-35.452	0	0	0	-4019.35
-118.235	-33.716	0	0	0	-3860.16
-120.111	-31.018	0	0	0	-3588.009
-119.967	-28.487	0	0	0	-3310.675
-118.189	-26.885	0	0	0	-3108.844
-115.207	-26.256	0	0	0	-3000.034
-111.4	-26.429	0	0	0	-2978.814
-107.065	-27.385	0	0	0	-3047.944
-102.324	-28.831	0	0	0	-3180.191
-97.039	-29.868	0	0	0	-3287.779
-90.917	-29.809	0	0	0	-3295.893
-83.726	-28.761	0	0	0	-3200.696
-75.452	-27.222	0	0	0	-3040.521
-66.237	-25.061	0	0	0	-2805.525
-56.417	-22.282	0	0	0	-2501.355
-46.612	-19.926	0	0	0	-2228.881
-37.389	-18.325	0	0	0	-2026.635
-29.081	-16.933	0	0	0	-1851.011
-21.821	-15.515	0	0	0	-1680.253
-15.545	-14.13	0	0	0	-1514.827
-10	-12.529	0	0	0	-1327.65
-4.759	-9.899	0	0	0	-1040.498
0.671	-5.58	0	0	0	-587.212
6.728	0.504	0	0	0	45.921
13.76	8.121	0	0	0	841.292
21.907	16.551	0	0	0	1730.871
31.015	24.476	0	0	0	2585.24
40.753	30.842	0	0	0	3293.684
50.762	35.295	0	0	0	3808.669
60.728	37.79	0	0	0	4116.991
70.417	38.37	0	0	0	4220.634
79.657	37.187	0	0	0	4136.317
88.369	34.879	0	0	0	3926.885
96.619	32.634	0	0	0	3707.377
104.529	31.396	0	0	0	3574.367
112.171	31.452	0	0	0	3565.141
119.429	32.403	0	0	0	3650.014
125.888	33.306	0	0	0	3741.63
130.937	33.434	0	0	0	3764.697
134.012	32.836	0	0	0	3713.277
134.809	32.094	0	0	0	3635.953
133.3	31.451	0	0	0	3558.699
129.636	30.563	0	0	0	3457.717
124.087	29.195	0	0	0	3315.102
116.979	27.536	0	0	0	3147.667
108.615	25.889	0	0	0	2980.736
99.192	24.34	0	0	0	2819.886
88.768	22.796	0	0	0	2653.128
77.384	21.455	0	0	0	2493.942
65.243	20.9	0	0	0	2393.725
52.669	20.999	0	0	0	2344.281
39.955	20.568	0	0	0	2242.507
27.387	18.812	0	0	0	2015.445
15.198	15.681	0	0	0	1654.81
3.419	10.958	0	0	0	1138.609
-8.088	4.513	0	0	0	454.452
-19.527	-3.214	0	0	0	-357.79
-31.108	-11.512	0	0	0	-1232.731
-42.852	-19.213	0	0	0	-2060.435
-54.392	-24.688	0	0	0	-2682.77
-65.22	-27.573	0	0	0	-3051.185
-75.062	-29.368	0	0	0	-3291.034
-83.952	-31.474	0	0	0	-3533.112
-92.059	-33.766	0	0	0	-3779.263
-99.462	-35.068	0	0	0	-3931.522
-106.052	-34.629	0	0	0	-3917.704
-111.618	-32.933	0	0	0	-3771.749
-115.978	-31.157	0	0	0	-3596.329
-118.982	-29.998	0	0	0	-3461.06
-120.48	-29.364	0	0	0	-3368.022
-120.343	-28.939	0	0	0	-3295.201
-118.525	-28.531	0	0	0	-3226.548
-115.114	-28.085	0	0	0	-3156.188
-110.281	-27.385	0	0	0	-3064.413
-104.144	-25.976	0	0	0	-2909.46
-96.713	-23.654	0	0	0	-2670.191
-87.996	-20.898	0	0	0	-2386.868
-78.14	-18.643	0	0	0	-2144.708
-67.483	-17.524	0	0	0	-2006.237
-56.499	-17.569	0	0	0	-1979.953
-45.647	-18.216	0	0	0	-2016.606
-35.179	-18.44	0	0	0	-2018.428
-25.114	-17.427	0	0	0	-1901.434
-15.368	-15.135	0	0	0	-1651.808
-5.899	-12.131	0	0	0	-1317.806
3.315	-8.629	0	0	0	-922.751
12.361	-4.133	0	0	0	-427.131
21.356	1.699	0	0	0	199.16
30.347	8.413	0	0	0	917.058
39.237	15.03	0	0	0	1635.786
47.894	21.027	0	0	0	2299.164
56.32	26.631	0	0	0	2918.089
64.677	32.052	0	0	0	3507.429
73.146	36.828	0	0	0	4026.953
81.748	40.037	0	0	0	4393.423
90.291	41.198	0	0	0	4558.166
98.431	40.552	0	0	0	4535.731
105.746	38.57	0	0	0	4364.376
111.894	35.959	0	0	0	4109.033
116.751	33.722	0	0	0	3867.156
120.362	32.43	0	0	0	3701.575
122.778	31.685	0	0	0	3587.426
123.927	30.54	0	0	0	3444.524
123.605	28.464	0	0	0	3221.579
121.535	25.622	0	0	0	2927.162
117.421	22.415	0	0	0	2593.19
111.081	19.321	0	0	0	2263.489
102.576	16.913	0	0	0	1994.041
92.218	15.508	0	0	0	1819.733
80.511	15.044	0	0	0	1740.328
68.013	15.123	0	0	0	1721.627
55.15	15.095	0	0	0	1701.329
42.148	14.501	0	0	0	1629.613
29.061	13.2	0	0	0	1484.557
15.879	11.339	0	0	0	1273.166
2.703	9.304	0	0	0	1029.377
-10.242	7.153	0	0	0	762.135
-22.64	4.601	0	0	0	450.095
-34.086	1.63	0	0	0	95.384
-44.255	-1.922	0	0	0	-313.587
-53.131	-6.749	0	0	0	-838.692
-60.989	-13.186	0	0	0	-1512.965
-68.295	-20.783	0	0	0	-2300.992
-75.478	-28.411	0	0	0	-3102.395
-82.671	-34.566	0	0	0	-3774.639
-89.691	-38.424	0	0	0	-4229.289
-96.159	-40.129	0	0	0	-4464.566
-101.721	-40.522	0	0	0	-4548.336
-106.23	-40.579	0	0	0	-4571.003
-109.677	-40.4	0	0	0	-4549.924
-112.117	-39.491	0	0	0	-4447.279
-113.65	-37.682	0	0	0	-4250.239
-114.365	-35.254	0	0	0	-3984.603
-114.272	-32.55	0	0	0	-3684.407
-113.235	-29.689	0	0	0	-3365.611
-110.975	-26.645	0	0	0	-3029.889
-107.212	-23.679	0	0	0	-2702.213
-101.864	-21.424	0	0	0	-2441.425
-95.06	-20.074	0	0	0	-2268.924
-87.014	-19.028	0	0	0	-2133.823
-77.949	-17.659	0	0	0	-1978.155
-68.047	-15.828	0	0	0	-1784.398
-57.425	-13.703	0	0	0	-1562.659
-46.224	-11.717	0	0	0	-1350.335
-34.72	-10.542	0	0	0	-1209.834
-23.268	-10.375	0	0	0	-1162.793
-12.189	-10.642	0	0	0	-1158.826
-1.748	-10.642	0	0	0	-1131.348
7.868	-9.919	0	0	0	-1032.804
16.584	-8.173	0	0	0	-830.703
24.431	-5.268	0	0	0	-510.402
31.521	-1.289	0	0	0	-79.933
37.999	3.493	0	0	0	433.86
43.939	8.518	0	0	0	976.52
49.345	13.372	0	0	0	1505.184
54.302	18.402	0	0	0	2046.57
59.033	24.048	0	0	0	2640.754
63.774	29.851	0	0	0	3249.418
68.641	34.619	0	0	0	3764.26
73.618	37.566	0	0	0	4105.806
78.599	38.728	0	0	0	4266.023
83.396	38.416	0	0	0	4266.247
87.805	36.977	0	0	0	4137.95
91.646	34.837	0	0	0	3924.307
94.766	32.346	0	0	0	3663.098
97.041	29.735	0	0	0	3380.41
98.418	27.282	0	0	0	3105.987
98.918	25.274	0	0	0	2870.4
98.514	23.58	0	0	0	2666.336
97.02	21.593	0	0	0	2441.064
94.126	18.914	0	0	0	2156.227
89.506	15.654	0	0	0	1817.142
82.916	12.117	0	0	0	1447.678
74.316	8.705	0	0	0	1083.958
63.921	5.914	0	0	0	773.674
52.137	3.984	0	0	0	543.213
39.483	2.936	0	0	0	399.64
26.425	2.388	0	0	0	310.838
13.214	1.529	0	0	0	200.456
-0.025	0.174	0	0	0	44.058
-13.2	-1.332	0	0	0	-134.726
-26.257	-3.014	0	0	0	-341.276
-39.135	-5.3	0	0	0	-614.454
-51.744	-8.612	0	0	0	-992.508
-63.962	-13.079	0	0	0	-1487.916
-75.635	-18.508	0	0	0	-2082.552
-86.6	-24.466	0	0	0	-2733.589
-96.728	-30.482	0	0	0	-3392.128
-105.961	-36.152	0	0	0	-4014.772
-114.309	-41.133	0	0	0	-4564.874
-121.786	-45.043	0	0	0	-5003.733
-128.326	-47.459	0	0	0	-5289.459
-133.778	-48.202	0	0	0	-5402.011
-137.938	-47.425	0	0	0	-5351.694
-140.579	-45.394	0	0	0	-5160.666
-141.533	-42.567	0	0	0	-4871.014
-140.772	-39.625	0	0	0	-4548.406
-138.361	-36.943	0	0	0	-4234.107
-134.392	-34.408	0	0	0	-3926.544
-128.947	-31.809	0	0	0	-3612.729
-122.084	-29.096	0	0	0	-3291.212
-113.819	-26.265	0	0	0	-2962.692
-104.117	-23.202	0	0	0	-2616.839
-92.949	-19.888	0	0	0	-2250.766
-80.362	-16.491	0	0	0	-1878.096
-66.508	-13.194	0	0	0	-1514.978
-51.656	-10.109	0	0	0	-1171.931
-36.159	-7.274	0	0	0	-853.091
-20.391	-4.666	0	0	0	-556.102
-4.683	-2.207	0	0	0	-272.443
10.688	0.143	0	0	0	3.359
25.484	2.344	0	0	0	269.409
39.5	4.458	0	0	0	531.344
52.598	6.824	0	0	0	819.728
64.733	9.963	0	0	0	1182.725
75.934	14.177	0	0	0	1650.419
86.22	19.268	0	0	0	2206.744
95.549	24.669	0	0	0	2797.991
103.82	29.848	0	0	0	3369.01
110.908	34.462	0	0	0	3879.614
116.733	38.37	0	0	0	4309.973
121.324	41.642	0	0	0	4663.781
124.802	44.291	0	0	0	4943.805
127.283	45.994	0	0	0	5123.908
128.782	46.226	0	0	0	5157.225
129.222	44.805	0	0	0	5023.921
128.508	42.208	0	0	0	4763.285
126.606	39.263	0	0	0	4450.743
123.538	36.496	0	0	0	4140.366
119.329	33.901	0	0	0	3839.829
113.991	31.25	0	0	0	3533.615
107.524	28.426	0	0	0	3212.174
99.943	25.482	0	0	0	2879.295
91.282	22.502	0	0	0	2541.99
81.593	19.525	0	0	0	2204.615
70.945	16.569	0	0	0	1870.292
59.443	13.678	0	0	0	1544.33
47.255	10.942	0	0	0	1235.824
34.627	8.474	0	0	0	955.6
21.858	6.354	0	0	0	710.772
9.259	4.578	0	0	0	500.564
-2.899	3.057	0	0	0	316.14
-14.4	1.648	0	0	0	143.701
-25.08	0.229	0	0	0	-28.918
-34.8	-1.256	0	0	0	-207.586
-43.471	-2.942	0	0	0	-405.499
-51.074	-5.124	0	0	0	-650.674
-57.655	-7.993	0	0	0	-962.615
-63.291	-11.51	0	0	0	-1339.556
-68.08	-15.523	0	0	0	-1767.642
-72.103	-19.705	0	0	0	-2214.629
-75.373	-23.512	0	0	0	-2626.372
-77.859	-26.487	0	0	0	-2955.381
-79.571	-28.661	0	0	0	-3198.824
-80.645	-30.513	0	0	0	-3398.622
-81.334	-32.406	0	0	0	-3591.605
-81.879	-34.093	0	0	0	-3761.233
-82.381	-34.895	0	0	0	-3847.749
-82.792	-34.442	0	0	0	-3813.355
-82.958	-32.895	0	0	0	-3665.912
-82.649	-30.528	0	0	0	-3426.226
-81.601	-27.473	0	0	0	-3106.446
-79.59	-23.94	0	0	0	-2728.17
-76.525	-20.401	0	0	0	-2338.302
-72.456	-17.217	0	0	0	-1975.815
-67.52	-14.447	0	0	0	-1653.219
-61.902	-12.071	0	0	0	-1374.044
-55.766	-10.138	0	0	0	-1145.591
-49.235	-8.766	0	0	0	-979.84
-42.35	-7.849	0	0	0	-867.611
-35.043	-6.937	0	0	0	-765.909
-27.212	-5.694	0	0	0	-638.715
-18.829	-4.231	0	0	0	-488.849
-10.012	-2.871	0	0	0	-341.341
-1.001	-1.706	0	0	0	-204.705
7.957	-0.366	0	0	0	-47.673
16.661	1.499	0	0	0	161.058
24.92	3.634	0	0	0	399.615
32.552	5.586	0	0	0	626.534
39.419	7.216	0	0	0	825.914
45.419	8.592	0	0	0	1000.356
50.513	9.917	0	0	0	1166.308
54.741	11.484	0	0	0	1350.511
58.173	13.422	0	0	0	1565.85
60.861	15.585	0	0	0	1799.562
62.83	17.716	0	0	0	2026.733
64.121	19.724	0	0	0	2236.694
64.855	21.773	0	0	0	2442.68
65.212	23.923	0	0	0	2651.933
65.334	25.78	0	0	0	2831.628
65.227	26.649	0	0	0	2919.201
64.799	26.189	0	0	0	2880.001
63.927	24.615	0	0	0	2728.421
62.5	22.317	0	0	0	2497.805
60.442	19.599	0	0	0	2217.268
57.703	16.639	0	0	0	1905.877
54.294	13.766	0	0	0	1596.535
50.353	11.571	0	0	0	1346.862
46.108	10.423	0	0	0	1196.251
41.806	10.26	0	0	0	1145.606
37.606	10.641	0	0	0	1158.096
33.482	10.856	0	0	0	1166.869
29.27	10.454	0	0	0	1124.04
24.784	9.415	0	0	0	1020.072
19.888	7.847	0	0	0	860.145
14.538	5.816	0	0	0	649.479
8.778	3.36	0	0	0	392.304
2.728	0.611	0	0	0	101.961
-3.442	-2.166	0	0	0	-196.112
-9.562	-4.767	0	0	0	-481.214
-15.529	-7.148	0	0	0	-747.066
-21.338	-9.351	0	0	0	-996.586
-27.069	-11.411	0	0	0	-1233.676
-32.83	-13.344	0	0	0	-1460.509
-38.694	-15.185	0	0	0	-1680.37
-44.648	-16.979	0	0	0	-1895.903
-50.592	-18.759	0	0	0	-2107.779
-56.366	-20.508	0	0	0	-2311.584
-61.8	-22.206	0	0	0	-2502.6
-66.771	-23.869	0	0	0	-2680.759
-71.211	-25.382	0	0	0	-2835.881
-75.079	-26.485	0	0	0	-2945.625
-78.317	-26.82	0	0	0	-2978.668
-80.783	-26.01	0	0	0	-2900.328
-82.267	-23.988	0	0	0	-2702.375
-82.537	-21.059	0	0	0	-2410.312
-81.374	-17.619	0	0	0	-2059.837
-78.643	-14.136	0	0	0	-1695.375
-74.367	-11.163	0	0	0	-1371.096
-68.691	-8.988	0	0	0	-1118.553
-61.82	-7.512	0	0	0	-933.795
-53.97	-6.513	0	0	0	-798.833
-45.331	-5.817	0	0	0	-697.435
-36.058	-5.307	0	0	0	-617.182
-26.287	-4.879	0	0	0	-547.024
-16.172	-4.442	0	0	0	-477.651
-5.916	-3.939	0	0	0	-403.368
4.204	-3.362	0	0	0	-323.128
13.899	-2.55	0	0	0	-222.383
22.952	-1.117	0	0	0	-64.726
31.248	1.153	0	0	0	172.863
38.77	4.14	0	0	0	483.662
45.587	7.634	0	0	0	851.131
51.836	11.507	0	0	0	1264.146
57.638	15.511	0	0	0	1698.791
63.006	19.14	0	0	0	2106.106
67.857	22.087	0	0	0	2452.29
72.076	24.428	0	0	0	2736.916
75.549	26.308	0	0	0	2967.348
78.201	27.72	0	0	0	3139.519
80.05	28.739	0	0	0	3258.755
81.263	29.707	0	0	0	3357.032
82.083	30.788	0	0	0	3453.224
82.733	31.789	0	0	0	3535.466
83.365	32.494	0	0	0	3588.612
83.981	32.636	0	0	0	3589.611
84.377	31.788	0	0	0	3498.012
84.232	29.78	0	0	0	3294.016
83.222	26.838	0	0	0	2994.236
81.091	23.282	0	0	0	2626.178
77.692	19.331	0	0	0	2211.97
72.975	15.12	0	0	0	1767.215
66.949	10.772	0	0	0	1305.763
59.635	6.419	0	0	0	841.017
51.099	2.476	0	0	0	411.57
41.537	-0.3	0	0	0	88.772
31.234	-1.51	0	0	0	-85.126
20.506	-1.383	0	0	0	-124.551
9.698	-0.363	0	0	0	-66.507
-0.894	0.923	0	0	0	30.638
-11.099	1.628	0	0	0	84.447
-20.838	1.234	0	0	0	39.666
-30.042	-0.155	0	0	0	-101.713
-38.603	-2.117	0	0	0	-304.607
-46.353	-4.286	0	0	0	-533.769
-53.114	-6.59	0	0	0	-778.639
-58.773	-9.198	0	0	0	-1052.799
-63.255	-11.958	0	0	0	-1343.839
-66.465	-14.235	0	0	0	-1595.046
-68.331	-15.633	0	0	0	-1766.993
-68.861	-16.288	0	0	0	-1865.797
-68.132	-16.496	0	0	0	-1913.476
-66.314	-16.597	0	0	0	-1939.54
-63.662	-16.994	0	0	0	-1982.301
-60.447	-17.841	0	0	0	-2059.54
-56.891	-18.952	0	0	0	-2157.383
-53.156	-20.04	0	0	0	-2250.2
-49.35	-20.861	0	0	0	-2313.942
-45.523	-21.185	0	0	0	-2325.082
-41.673	-20.756	0	0	0	-2258.85
-37.772	-19.421	0	0	0	-2101.025
-33.805	-17.233	0	0	0	-1858.064
-29.806	-14.447	0	0	0	-1556.417
-25.833	-11.312	0	0	0	-1222.558
-21.91	-7.923	0	0	0	-868.102
-18.041	-4.557	0	0	0	-519.037
-14.246	-1.769	0	0	0	-225.621
-10.551	0.078	0	0	0	-22.669
-6.956	1.063	0	0	0	94.489
-3.416	1.546	0	0	0	157.919
0.151	1.875	0	0	0	202.165
3.807	2.178	0	0	0	243.184
7.542	2.392	0	0	0	277.901
11.264	2.517	0	0	0	306.006
14.833	2.674	0	0	0	335.831
18.085	2.915	0	0	0	369.687
20.867	3.223	0	0	0	404.752
23.08	3.594	0	0	0	440.646
24.668	3.955	0	0	0	471.984
25.6	4.098	0	0	0	481.581
25.847	3.796	0	0	0	449.289
25.378	2.999	0	0	0	369.573
24.169	1.854	0	0	0	254.455
22.196	0.55	0	0	0	120.611
19.448	-0.788	0	0	0	-20.037
16.032	-1.682	0	0	0	-122.189
12.319	-1.118	0	0	0	-88.893
8.777	1.087	0	0	0	105.609
5.703	3.744	0	0	0	359.484
3.197	5.781	0	0	0	571.527
1.223	7.022	0	0	0	714.086
-0.325	7.72	0	0	0	800.175
-1.526	8.106	0	0	0	847.8
-2.392	8.226	0	0	0	863.222
-2.898	7.936	0	0	0	836.246
-3.035	7.011	0	0	0	746.879
-2.814	5.383	0	0	0	587.18
-2.286	3.185	0	0	0	367.032
-1.585	0.577	0	0	0	100.357
-0.892	-2.092	0	0	0	-179.963
-0.342	-4.194	0	0	0	-413.228
0.002202	-5.329	0	0	0	-556.339
0.156	-5.533	0	0	0	-605.381
0.223	-4.978	0	0	0	-571.398
0.312	-3.98	0	0	0	-481.902
0.438	-3.046	0	0	0	-385.17
0.527	-2.477	0	0	0	-313.066
0.471	-2.19	0	0	0	-262.732
0.178	-1.953	0	0	0	-216.279
-0.362	-1.485	0	0	0	-148.896
-1.024	-0.484	0	0	0	-32.99
-1.582	1.15	0	0	0	141.363
-1.78	3.234	0	0	0	357.91
-1.415	5.402	0	0	0	582.357
-0.414	7.23	0	0	0	773.96
1.152	8.429	0	0	0	902.955
3.106	8.905	0	0	0	957.453
5.224	8.679	0	0	0	937.379
7.311	7.842	0	0	0	850.78
9.255	6.537	0	0	0	712.192
11.007	4.822	0	0	0	530.175
12.524	2.648	0	0	0	303.413
13.733	0.079	0	0	0	39.886
14.515	-2.622	0	0	0	-235.442
14.705	-5.14	0	0	0	-493.023
14.111	-7.25	0	0	0	-711.485
12.631	-8.546	0	0	0	-853.177
10.393	-8.329	0	0	0	-851.877
7.728	-6.292	0	0	0	-673.261
5.004	-3.075	0	0	0	-369.07
2.454	0.102	0	0	0	-49.556
0.156	2.463	0	0	0	206.728
-1.893	4.045	0	0	0	392.334
-3.704	5.224	0	0	0	534.116
-5.238	6.244	0	0	0	653.29
-6.41	7.07	0	0	0	748.499
-7.116	7.511	0	0	0	803.117
-7.259	7.437	0	0	0	803.845
-6.777	6.83	0	0	0	746.746
-5.69	5.691	0	0	0	630.642
-4.142	4.006	0	0	0	454.38
-2.379	1.896	0	0	0	229.609
-0.662	-0.323	0	0	0	-12.644
0.777	-2.458	0	0	0	-251.014
1.754	-4.589	0	0	0	-488.685
2.151	-6.795	0	0	0	-730.341
1.902	-9	0	0	0	-968
0.971	-11.044	0	0	0	-1185.798
-0.633	-12.625	0	0	0	-1354.156
-2.809	-13.278	0	0	0	-1427.152
-5.376	-12.649	0	0	0	-1368.565
-8.122	-10.789	0	0	0	-1180.305
-10.862	-8.11	0	0	0	-901.189
-13.44	-5.048	0	0	0	-576.368
-15.724	-1.912	0	0	0	-241.742
-17.604	1.006	0	0	0	69.834
-18.989	3.419	0	0	0	328.418
-19.824	5.055	0	0	0	506.797
-20.099	5.695	0	0	0	583.139
-19.832	5.296	0	0	0	551.364
-19.063	3.979	0	0	0	421.336
-17.858	1.912	0	0	0	208.762
-16.335	-0.755	0	0	0	-70.682
-14.643	-3.762	0	0	0	-390.092
-12.927	-6.669	0	0	0	-704.968
-11.31	-9.112	0	0	0	-976.796
-9.898	-10.946	0	0	0	-1186.423
-8.768	-12.117	0	0	0	-1324.684
-7.963	-12.58	0	0	0	-1385.39
-7.516	-12.42	0	0	0	-1375.203
-7.481	-11.901	0	0	0	-1318.99
-7.909	-11.215	0	0	0	-1236.531
-8.819	-10.35	0	0	0	-1130.438
-10.181	-9.24	0	0	0	-998.212
-11.85	-7.637	0	0	0	-819.349
-13.493	-5.051	0	0	0	-548.912
-14.724	-1.563	0	0	0	-191.349
-15.305	1.883	0	0	0	168.307
-15.168	4.443	0	0	0	448.096
-14.396	5.882	0	0	0	616.638
-13.131	6.424	0	0	0	686.622
-11.46	6.525	0	0	0	698.077
-9.393	6.432	0	0	0	678.569
-6.885	6.126	0	0	0	633.572
-3.854	5.614	0	0	0	569.64
-0.273	4.804	0	0	0	481.937
3.724	3.371	0	0	0	341.378
7.839	1.214	0	0	0	135.987
11.667	-1.374	0	0	0	-111.63
14.822	-3.779	0	0	0	-347.314
17.105	-5.19	0	0	0	-494.505
18.539	-5.2	0	0	0	-508.831
19.308	-3.962	0	0	0	-396.895
19.688	-1.798	0	0	0	-184.446
19.916	0.846	0	0	0	86.937
20.067	3.356	0	0	0	356.779
20.063	5.322	0	0	0	580.725
19.742	6.697	0	0	0	747.016
18.936	7.556	0	0	0	856.709
17.546	7.911	0	0	0	907.763
15.573	7.675	0	0	0	890.553
13.103	6.706	0	0	0	791.151
10.333	5.262	0	0	0	633.144
7.627	4.186	0	0	0	497.743
5.405	4.112	0	0	0	452.826
4.038	5.115	0	0	0	517.647
3.686	6.635	0	0	0	648.787
4.158	7.534	0	0	0	740.448
5.025	7.14	0	0	0	719.506
5.808	5.571	0	0	0	582.705
6.08	3.087	0	0	0	345.5
5.519	-0.238	0	0	0	14.121
3.911	-4.418	0	0	0	-409.724
1.31	-8.592	0	0	0	-843.648
-1.754	-10.722	0	0	0	-1092.564
-4.57	-9.962	0	0	0	-1062.249
-6.707	-7.714	0	0	0	-865.315
-8.096	-5.437	0	0	0	-636.079
-8.952	-3.469	0	0	0	-420.544
-9.648	-1.701	0	0	0	-224.643
-10.469	-0.001189	0	0	0	-43.627
-11.433	1.828	0	0	0	141.58
-12.331	3.677	0	0	0	326.091
-12.865	5.035	0	0	0	467.865
-12.701	5.633	0	0	0	543.049
-11.527	5.748	0	0	0	575.44
-9.125	5.94	0	0	0	615.743
-5.472	6.541	0	0	0	695.374
-0.791	7.423	0	0	0	803.488
4.528	8.334	0	0	0	914.313
10.062	9.083	0	0	0	1004.591
15.447	9.413	0	0	0	1045.78
20.434	9.08	0	0	0	1012.816
24.88	8.005	0	0	0	899.187
28.685	6.224	0	0	0	711.574
31.747	3.871	0	0	0	467.487
33.951	1.226	0	0	0	197.479
35.17	-1.339	0	0	0	-61.186
35.284	-3.421	0	0	0	-270.822
34.204	-4.737	0	0	0	-405.872
31.872	-5.272	0	0	0	-466.346
28.341	-4.961	0	0	0	-447.225
23.882	-3.439	0	0	0	-313.958
18.928	-0.588	0	0	0	-50.646
13.904	2.934	0	0	0	287.981
9.068	5.988	0	0	0	597.693
4.512	7.913	0	0	0	809.324
0.251	8.779	0	0	0	917.487
-3.671	9.029	0	0	0	955.671
-7.076	9.228	0	0	0	976.253
-9.675	9.685	0	0	0	1013.659
-11.194	10.188	0	0	0	1055.348
-11.49	10.199	0	0	0	1054.457
-10.581	9.426	0	0	0	981.021
-8.629	7.983	0	0	0	839.918
-5.924	6.062	0	0	0	645.559
-2.844	3.781	0	0	0	409.189
0.218	1.228	0	0	0	140.991
2.922	-1.517	0	0	0	-148.903
5.029	-4.367	0	0	0	-450.011
6.405	-7.211	0	0	0	-750.009
6.98	-9.923	0	0	0	-1035.264
6.689	-12.375	0	0	0	-1292.188
5.437	-14.449	0	0	0	-1508.624
3.244	-15.5	0	0	0	-1624.036
0.452	-14.181	0	0	0	-1510.377
-2.447	-10.23	0	0	0	-1133.845
-5.117	-5.215	0	0	0	-630.705
-7.403	-0.638	0	0	0	-144.93
-9.224	3.219	0	0	0	281.025
-10.488	6.741	0	0	0	668.779
-11.042	10.118	0	0	0	1032.691
-10.684	13.181	0	0	0	1361.057
-9.188	15.789	0	0	0	1644.194
-6.388	17.763	0	0	0	1865.628
-2.26	18.692	0	0	0	1984.845
3.064	18.317	0	0	0	1972.932
9.298	16.721	0	0	0	1832.049
15.99	14.073	0	0	0	1574.978
22.559	10.482	0	0	0	1212.226
28.376	6.015	0	0	0	752.191
32.854	0.77	0	0	0	205.981
35.632	-4.567	0	0	0	-360.954
36.753	-8.569	0	0	0	-810.802
36.562	-10.263	0	0	0	-1039.27
35.527	-9.607	0	0	0	-1024.27
34.019	-7.311	0	0	0	-818.271
32.106	-4.56	0	0	0	-530.444
29.629	-1.973	0	0	0	-230.688
26.394	0.61	0	0	0	77.686
22.274	3.346	0	0	0	395.748
17.284	5.995	0	0	0	694.52
11.702	8.511	0	0	0	967.081
6.181	11.512	0	0	0	1271.342
1.61	15.427	0	0	0	1653.89
-1.222	19.608	0	0	0	2065.111
-1.941	22.693	0	0	0	2382.656
-0.643	23.901	0	0	0	2525.736
2.232	23.394	0	0	0	2494.929
6.073	21.536	0	0	0	2315.043
10.279	18.477	0	0	0	1999.74
14.366	14.227	0	0	0	1554.288
17.995	8.871	0	0	0	991.754
20.944	2.666	0	0	0	340.611
23.048	-3.997	0	0	0	-357.625
24.12	-10.65	0	0	0	-1053.751
23.889	-16.798	0	0	0	-1697.049
22.049	-21.763	0	0	0	-2221.579
18.398	-24.709	0	0	0	-2547.901
12.903	-25.266	0	0	0	-2638.266
5.712	-23.776	0	0	0	-2520.745
-2.873	-20.993	0	0	0	-2264.591
-12.48	-17.764	0	0	0	-1951.812
-22.722	-14.725	0	0	0	-1647.233
-33.216	-12.185	0	0	0	-1385.481
-43.596	-10.233	0	0	0	-1179.024
-53.51	-8.839	0	0	0	-1028.184
-62.605	-7.89	0	0	0	-924.887
-70.524	-7.258	0	0	0	-859.7
-76.924	-6.921	0	0	0	-831.912
-81.53	-6.989	0	0	0	-852.216
-84.2	-7.687	0	0	0	-940.666
-84.98	-9.251	0	0	0	-1118.368
-84.089	-11.758	0	0	0	-1391.716
-81.868	-15.063	0	0	0	-1746.382
-78.695	-18.885	0	0	0	-2154.388
-74.894	-22.801	0	0	0	-2572.912
-70.665	-26.259	0	0	0	-2945.081
-66.086	-28.794	0	0	0	-3220.361
-61.157	-30.114	0	0	0	-3363.843
-55.837	-29.983	0	0	0	-3347.66
-50.112	-28.327	0	0	0	-3161.983
-44.059	-25.34	0	0	0	-2825.728
-37.811	-21.245	0	0	0	-2364.546
-31.499	-16.202	0	0	0	-1801.162
-25.213	-10.489	0	0	0	-1169.228
-18.962	-4.519	0	0	0	-512.983
-12.67	1.281	0	0	0	123.1
-6.212	6.509	0	0	0	697.777
0.53	10.832	0	0	0	1177.254
7.625	14.066	0	0	0	1542.051
15.084	16.29	0	0	0	1797.726
22.889	17.836	0	0	0	1974.912
30.989	19	0	0	0	2103.585
39.299	19.901	0	0	0	2199.142
47.676	20.461	0	0	0	2258.51
55.892	20.451	0	0	0	2262.566
63.659	19.784	0	0	0	2203.219
70.671	18.627	0	0	0	2094.667
76.641	17.224	0	0	0	1960.161
81.323	15.802	0	0	0	1822.49
84.563	14.637	0	0	0	1709.663
86.332	14.095	0	0	0	1657.649
86.719	14.412	0	0	0	1690.634
85.862	15.497	0	0	0	1801.997
83.888	16.997	0	0	0	1958.687
80.873	18.561	0	0	0	2124.624
76.874	20.025	0	0	0	2279.295
71.968	21.355	0	0	0	2415.004
66.278	22.444	0	0	0	2519.683
59.953	22.993	0	0	0	2565.335
53.136	22.625	0	0	0	2516.086
45.953	21.125	0	0	0	2349.834
38.506	18.511	0	0	0	2066.177
30.858	14.922	0	0	0	1677.461
23.048	10.633	0	0	0	1210.699
15.111	6.069	0	0	0	708.522
7.086	1.595	0	0	0	209.128
-0.989	-2.608	0	0	0	-265.578
-9.065	-6.456	0	0	0	-703.793
-17.089	-9.898	0	0	0	-1098.016
-25.029	-12.989	0	0	0	-1451.592
-32.908	-15.92	0	0	0	-1781.339
-40.781	-18.798	0	0	0	-2097.529
-48.689	-21.527	0	0	0	-2393.085
-56.623	-23.938	0	0	0	-2653.52
-64.508	-25.912	0	0	0	-2868.219
-72.208	-27.428	0	0	0	-3035.166
-79.557	-28.54	0	0	0	-3159.879
-86.375	-29.264	0	0	0	-3244.961
-92.466	-29.528	0	0	0	-3284.685
-97.653	-29.342	0	0	0	-3279.862
-101.802	-28.858	0	0	0	-3243.896
-104.826	-28.249	0	0	0	-3192.77
-106.665	-27.602	0	0	0	-3135.39
-107.259	-26.904	0	0	0	-3071.138
-106.531	-26.126	0	0	0	-2996.367
-104.439	-25.404	0	0	0	-2921.825
-101.032	-25.046	0	0	0	-2874.705
-96.451	-25.15	0	0	0	-2865.524
-90.879	-25.487	0	0	0	-2875.766
-84.521	-25.751	0	0	0	-2878.93
-77.551	-25.611	0	0	0	-2844.095
-70.058	-24.694	0	0	0	-2734.692
-62.073	-22.826	0	0	0	-2531.487
-53.608	-20.119	0	0	0	-2241.573
-44.678	-16.783	0	0	0	-1882.771
-35.317	-12.991	0	0	0	-1471.78
-25.586	-8.856	0	0	0	-1020.708
-15.595	-4.597	0	0	0	-551.536
-5.523	-0.607	0	0	0	-102.929
4.421	2.85	0	0	0	296.708
14.058	5.77	0	0	0	642.156
23.253	8.23	0	0	0	936.87
31.959	10.427	0	0	0	1197.804
40.237	12.734	0	0	0	1460.16
48.196	15.374	0	0	0	1747.891
55.93	18.29	0	0	0	2059.826
63.484	21.345	0	0	0	2385.52
70.813	24.314	0	0	0	2704.042
77.757	26.836	0	0	0	2980.013
84.083	28.652	0	0	0	3185.407
89.552	29.703	0	0	0	3311.107
93.973	30.052	0	0	0	3361.001
97.245	29.834	0	0	0	3348.193
99.363	29.195	0	0	0	3288.66
100.382	28.286	0	0	0	3198.97
100.379	27.262	0	0	0	3095.446
99.406	26.245	0	0	0	2990.378
97.487	25.38	0	0	0	2896.997
94.642	24.834	0	0	0	2830.65
90.89	24.632	0	0	0	2793.882
86.241	24.505	0	0	0	2762.474
80.678	23.987	0	0	0	2692.356
74.181	22.721	0	0	0	2547.764
66.748	20.6	0	0	0	2314.966
58.408	17.65	0	0	0	1994.507
49.245	14.099	0	0	0	1607.932
39.44	10.421	0	0	0	1201.514
29.236	7.028	0	0	0	818.237
18.904	4.109	0	0	0	480.814
8.709	1.734	0	0	0	199.578
-1.114	-0.073	0	0	0	-21.71
-10.408	-1.467	0	0	0	-197.338
-19.133	-2.842	0	0	0	-364.736
-27.337	-4.521	0	0	0	-556.633
-35.088	-6.584	0	0	0	-784.101
-42.433	-8.987	0	0	0	-1045.355
-49.363	-11.656	0	0	0	-1333.912
-55.813	-14.507	0	0	0	-1640.967
-61.676	-17.379	0	0	0	-1950.102
-66.826	-20.018	0	0	0	-2236.028
-71.154	-22.213	0	0	0	-2477.081
-74.608	-23.875	0	0	0	-2662.739
-77.207	-25.031	0	0	0	-2794.284
-79.046	-25.808	0	0	0	-2883.963
-80.265	-26.351	0	0	0	-2947.049
-81.01	-26.788	0	0	0	-2997.428
-81.397	-27.244	0	0	0	-3048.162
-81.483	-27.747	0	0	0	-3101.981
-81.247	-28.147	0	0	0	-3144.402
-80.605	-28.265	0	0	0	-3156.457
-79.389	-27.738	0	0	0	-3101.543
-77.405	-26.336	0	0	0	-2954.865
-74.587	-24.456	0	0	0	-2750.464
-70.956	-22.372	0	0	0	-2515.868
-66.565	-19.948	0	0	0	-2243.878
-61.493	-17.138	0	0	0	-1934.424
-55.812	-14.108	0	0	0	-1604.132
-49.579	-11.122	0	0	0	-1277.737
-42.838	-8.389	0	0	0	-975.498
-35.622	-6.004	0	0	0	-707.455
-27.96	-3.965	0	0	0	-474.206
-19.888	-2.206	0	0	0	-269.552
-11.473	-0.62	0	0	0	-82.927
-2.817	0.917	0	0	0	97.919
5.946	2.514	0	0	0	283.816
14.669	4.24	0	0	0	481.636
23.211	6.11	0	0	0	693.12
31.447	8.093	0	0	0	915.112
39.264	10.119	0	0	0	1140.998
46.559	12.108	0	0	0	1363.076
53.239	13.996	0	0	0	1575.252
59.231	15.76	0	0	0	1775.008
64.481	17.415	0	0	0	1963.615
68.963	19.004	0	0	0	2144.438
72.679	20.56	0	0	0	2320.187
75.647	22.086	0	0	0	2490.444
77.898	23.541	0	0	0	2650.665
79.467	24.846	0	0	0	2793.032
80.38	25.913	0	0	0	2908.443
80.651	26.661	0	0	0	2988.508
80.289	27.028	0	0	0	3026.703
79.293	26.974	0	0	0	3018.617
77.669	26.476	0	0	0	2961.923
75.427	25.533	0	0	0	2856.669
72.583	24.171	0	0	0	2705.81
69.162	22.444	0	0	0	2515.516
65.188	20.439	0	0	0	2294.765
60.686	18.256	0	0	0	2054.126
55.682	15.996	0	0	0	1804.114
50.201	13.744	0	0	0	1553.682
44.274	11.559	0	0	0	1309.188
37.936	9.472	0	0	0	1074.038
31.237	7.485	0	0	0	848.999
24.236	5.585	0	0	0	632.967
17.004	3.749	0	0	0	423.969
9.622	1.957	0	0	0	220.134
2.182	0.197	0	0	0	20.325
-5.22	-1.533	0	0	0	-175.673
-12.483	-3.226	0	0	0	-367.365
-19.509	-4.875	0	0	0	-554.028
-26.202	-6.473	0	0	0	-735.178
-32.476	-8.021	0	0	0	-910.805
-38.258	-9.525	0	0	0	-1081.328
-43.491	-10.99	0	0	0	-1247.27
-48.134	-12.42	0	0	0	-1408.796
-52.16	-13.813	0	0	0	-1565.301
-55.555	-15.152	0	0	0	-1715.132
-58.315	-16.414	0	0	0	-1855.493
-60.443	-17.563	0	0	0	-1982.548
-61.945	-18.557	0	0	0	-2091.694
-62.832	-19.349	0	0	0	-2177.942
-63.115	-19.891	0	0	0	-2236.454
-62.812	-20.147	0	0	0	-2263.127
-61.939	-20.087	0	0	0	-2255.149
-60.516	-19.701	0	0	0	-2211.437
-58.563	-18.997	0	0	0	-2132.845
-56.103	-17.999	0	0	0	-2022.072
-53.156	-16.748	0	0	0	-1883.315
-49.746	-15.292	0	0	0	-1721.744
-45.893	-13.684	0	0	0	-1542.871
-41.624	-11.971	0	0	0	-1352.009
-36.965	-10.198	0	0	0	-1153.871
-31.947	-8.4	0	0	0	-952.341
-26.608	-6.603	0	0	0	-750.457
-20.991	-4.827	0	0	0	-550.518
-15.147	-3.087	0	0	0	-354.247
-9.134	-1.393	0	0	0	-162.943
-3.018	0.247	0	0	0	22.416
3.13	1.825	0	0	0	201.122
9.234	3.34	0	0	0	372.746
15.217	4.789	0	0	0	537.164
21.004	6.174	0	0	0	694.551
26.521	7.501	0	0	0	845.314
31.705	8.774	0	0	0	989.993
36.496	9.999	0	0	0	1129.079
40.846	11.18	0	0	0	1262.815
44.715	12.315	0	0	0	1391.008
48.072	13.399	0	0	0	1512.859
50.897	14.417	0	0	0	1626.868
53.176	15.35	0	0	0	1730.854
54.903	16.173	0	0	0	1822.066
56.078	16.856	0	0	0	1897.4
56.707	17.371	0	0	0	1953.713
56.801	17.689	0	0	0	1988.148
56.374	17.79	0	0	0	1998.438
55.444	17.66	0	0	0	1983.162
54.03	17.295	0	0	0	1941.879
52.153	16.699	0	0	0	1875.145
49.834	15.887	0	0	0	1784.44
47.097	14.879	0	0	0	1672.001
43.963	13.702	0	0	0	1540.6
40.457	12.383	0	0	0	1393.382
36.604	10.955	0	0	0	1233.677
32.433	9.445	0	0	0	1064.763
27.975	7.883	0	0	0	889.722
23.264	6.293	0	0	0	711.389
18.342	4.699	0	0	0	532.329
13.251	3.12	0	0	0	354.793
8.042	1.574	0	0	0	180.676
2.767	0.073	0	0	0	11.489
-2.516	-1.371	0	0	0	-151.657
-7.747	-2.754	0	0	0	-308.047
-12.868	-4.072	0	0	0	-457.331
-17.819	-5.325	0	0	0	-599.463
-22.543	-6.517	0	0	0	-734.604
-26.987	-7.649	0	0	0	-863
-31.104	-8.724	0	0	0	-984.843
-34.851	-9.743	0	0	0	-1100.129
-38.192	-10.704	0	0	0	-1208.546
-41.099	-11.601	0	0	0	-1309.394
-43.55	-12.423	0	0	0	-1401.566
-45.53	-13.157	0	0	0	-1483.585
-47.03	-13.787	0	0	0	-1553.702
-48.049	-14.296	0	0	0	-1610.029
-48.589	-14.666	0	0	0	-1650.705
-48.658	-14.882	0	0	0	-1674.061
-48.268	-14.93	0	0	0	-1678.772
-47.434	-14.803	0	0	0	-1663.973
-46.174	-14.498	0	0	0	-1629.338
-44.508	-14.017	0	0	0	-1575.107
-42.456	-13.366	0	0	0	-1502.068
-40.04	-12.558	0	0	0	-1411.5
-37.284	-11.608	0	0	0	-1305.105
-34.212	-10.535	0	0	0	-1184.908
-30.85	-9.358	0	0	0	-1053.168
-27.224	-8.101	0	0	0	-912.283
-23.366	-6.784	0	0	0	-764.699
-19.307	-5.43	0	0	0	-612.824
-15.083	-4.059	0	0	0	-458.945
-10.732	-2.69	0	0	0	-305.155
-6.296	-1.34	0	0	0	-153.294
-1.817	-0.023	0	0	0	-4.904
2.657	1.251	0	0	0	138.802