31	32
32	33
33	34
34	35
35	36
36	37
37	38
38	39
39	40
40	41
41	42
42	43
43	44
44	45
45	46
46	47
47	48
48	49
49	50
50	51
51	52
52	53
53	54
54	55
55	56
56	57
57	58
58	59
59	60
31	60
2	31
2	32
3	32
3	33
4	33
4	34
5	34
5	35
6	35
6	36
7	36
7	37
8	37
8	38
9	38
9	39
10	39
10	40
11	40
11	41
12	41
12	42
13	42
13	43
14	43
14	44
15	44
15	45
16	45
16	46
17	46
17	47
18	47
18	48
19	48
19	49
20	49
20	50
21	50
21	51
22	51
22	52
23	52
23	53
24	53
24	54
25	54
25	55
26	55
26	56
27	56
27	57
28	57
28	58
29	58
29	59
30	59
30	60
1	31
1	60
62	31
62	32
63	32
63	33
64	33
64	34
65	34
65	35
66	35
66	36
67	36
67	37
68	37
68	38
69	38
69	39
70	39
70	40
71	40
71	41
72	41
72	42
73	42
73	43
74	43
74	44
75	44
75	45
76	45
76	46
77	46
77	47
78	47
78	48
79	48
79	49
80	49
80	50
81	50
81	51
82	51
82	52
83	52
83	53
84	53
84	54
85	54
85	55
86	55
86	56
87	56
87	57
88	57
88	58
89	58
89	59
90	59
90	60
61	31
61	60
1	61
2	62
3	63
4	64
5	65
6	66
7	67
8	68
9	69
10	70
11	71
12	72
13	73
14	74
15	75
16	76
17	77
18	78
19	79
20	80
21	81
22	82
23	83
24	84
25	85
26	86
27	87
28	88
29	89
30	90
62	63
63	64
64	65
65	66
66	67
67	68
68	69
69	70
70	71
71	72
72	73
73	74
74	75
75	76
76	77
77	78
78	79
79	80
80	81
81	82
82	83
83	84
84	85
85	86
86	87
87	88
88	89
89	90
90	61
61	62
61	121
62	122
63	123
64	124
65	125
66	126
67	127
68	128
69	129
70	130
71	131
72	132
73	133
74	134
75	135
76	136
77	137
78	138
79	139
80	140
81	141
82	142
83	143
84	144
85	145
86	146
87	147
88	148
89	149
90	150
121	181
122	182
123	183
124	184
125	185
126	186
127	187
128	188
129	189
130	190
131	191
132	192
133	193
134	194
135	195
136	196
137	197
138	198
139	199
140	200
141	201
142	202
143	203
144	204
145	205
146	206
147	207
148	208
149	209
150	210
181	241
182	242
183	243
184	244
185	245
186	246
187	247
188	248
189	249
190	250
191	251
192	252
193	253
194	254
195	255
196	256
197	257
198	258
199	259
200	260
201	261
202	262
203	263
204	264
205	265
206	266
207	267
208	268
209	269
210	270
241	301
242	302
243	303
244	304
245	305
246	306
247	307
248	308
249	309
250	310
251	311
252	312
253	313
254	314
255	315
256	316
257	317
258	318
259	319
260	320
261	321
262	322
263	323
264	324
265	325
266	326
267	327
268	328
269	329
270	330
301	361
302	362
303	363
304	364
305	365
306	366
307	367
308	368
309	369
310	370
311	371
312	372
313	373
314	374
315	375
316	376
317	377
318	378
319	379
320	380
321	381
322	382
323	383
324	384
325	385
326	386
327	387
328	388
329	389
330	390
91	92
92	93
93	94
94	95
95	96
96	97
97	98
98	99
99	100
100	101
101	102
102	103
103	104
104	105
105	106
106	107
107	108
108	109
109	110
110	111
111	112
112	113
113	114
114	115
115	116
116	117
117	118
118	119
119	120
120	91
121	122
122	123
123	124
124	125
125	126
126	127
127	128
128	129
129	130
130	131
131	132
132	133
133	134
134	135
135	136
136	137
137	138
138	139
139	140
140	141
141	142
142	143
143	144
144	145
145	146
146	147
147	148
148	149
149	150
150	121
151	152
152	153
153	154
154	155
155	156
156	157
157	158
158	159
159	160
160	161
161	162
162	163
163	164
164	165
165	166
166	167
167	168
168	169
169	170
170	171
171	172
172	173
173	174
174	175
175	176
176	177
177	178
178	179
179	180
180	151
181	182
182	183
183	184
184	185
185	186
186	187
187	188
188	189
189	190
190	191
191	192
192	193
193	194
194	195
195	196
196	197
197	198
198	199
199	200
200	201
201	202
202	203
203	204
204	205
205	206
206	207
207	208
208	209
209	210
210	181
211	212
212	213
213	214
214	215
215	216
216	217
217	218
218	219
219	220
220	221
221	222
222	223
223	224
224	225
225	226
226	227
227	228
228	229
229	230
230	231
231	232
232	233
233	234
234	235
235	236
236	237
237	238
238	239
239	240
240	211
241	242
242	243
243	244
244	245
245	246
246	247
247	248
248	249
249	250
250	251
251	252
252	253
253	254
254	255
255	256
256	257
257	258
258	259
259	260
260	261
261	262
262	263
263	264
264	265
265	266
266	267
267	268
268	269
269	270
270	241
271	272
272	273
273	274
274	275
275	276
276	277
277	278
278	279
279	280
280	281
281	282
282	283
283	284
284	285
285	286
286	287
287	288
288	289
289	290
290	291
291	292
292	293
293	294
294	295
295	296
296	297
297	298
298	299
299	300
301	302
302	303
303	304
304	305
305	306
306	307
307	308
308	309
309	310
310	311
311	312
312	313
313	314
314	315
315	316
316	317
317	318
318	319
319	320
320	321
321	322
322	323
323	324
324	325
325	326
326	327
327	328
328	329
329	330
301	330
331	332
332	333
333	334
334	335
335	336
336	337
337	338
338	339
339	340
340	341
341	342
342	343
343	344
344	345
345	346
346	347
347	348
348	349
349	350
350	351
351	352
352	353
353	354
354	355
355	356
356	357
357	358
358	359
359	360
331	360
361	362
362	363
363	364
364	365
365	366
366	367
367	368
368	369
369	370
370	371
371	372
372	373
373	374
374	375
375	376
376	377
377	378
378	379
379	380
380	381
381	382
382	383
383	384
384	385
385	386
386	387
387	388
388	389
389	390
361	390
91	61
91	62
92	62
92	63
93	63
93	64
94	64
94	65
95	65
95	66
96	66
96	67
97	67
97	68
98	68
98	69
99	69
99	70
100	70
100	71
101	71
101	72
102	72
102	73
103	73
103	74
104	74
104	75
105	75
105	76
106	76
106	77
107	77
107	78
108	78
108	79
109	79
109	80
110	80
110	81
111	81
111	82
112	82
112	83
113	83
113	84
114	84
114	85
115	85
115	86
116	86
116	87
117	87
117	88
118	88
118	89
119	89
119	90
120	61
120	90
122	91
122	92
123	92
123	93
124	93
124	94
125	94
125	95
126	95
126	96
127	96
127	97
128	97
128	98
129	98
129	99
130	99
130	100
131	100
131	101
132	101
132	102
133	102
133	103
134	103
134	104
135	104
135	105
136	105
136	106
137	106
137	107
138	107
138	108
139	108
139	109
140	109
140	110
141	110
141	111
142	111
142	112
143	112
143	113
144	113
144	114
145	114
145	115
146	115
146	116
147	116
147	117
148	117
148	118
149	118
149	119
150	119
150	120
121	91
121	120
151	121
151	122
152	122
152	123
153	123
153	124
154	124
154	125
155	125
155	126
156	126
156	127
157	127
157	128
158	128
158	129
159	129
159	130
160	130
160	131
161	131
161	132
162	132
162	133
163	133
163	134
164	134
164	135
165	135
165	136
166	136
166	137
167	137
167	138
168	138
168	139
169	139
169	140
170	140
170	141
171	141
171	142
172	142
172	143
173	143
173	144
174	144
174	145
175	145
175	146
176	146
176	147
177	147
177	148
178	148
178	149
179	149
179	150
180	121
180	150
182	151
182	152
183	152
183	153
184	153
184	154
185	154
185	155
186	155
186	156
187	156
187	157
188	157
188	158
189	158
189	159
190	159
190	160
191	160
191	161
192	161
192	162
193	162
193	163
194	163
194	164
195	164
195	165
196	165
196	166
197	166
197	167
198	167
198	168
199	168
199	169
200	169
200	170
201	170
201	171
202	171
202	172
203	172
203	173
204	173
204	174
205	174
205	175
206	175
206	176
207	176
207	177
208	177
208	178
209	178
209	179
210	179
210	180
181	180
181	151
211	181
211	182
212	182
212	183
213	183
213	184
214	184
214	185
215	185
215	186
216	186
216	187
217	187
217	188
218	188
218	189
219	189
219	190
220	190
220	191
221	191
221	192
222	192
222	193
223	193
223	194
224	194
224	195
225	195
225	196
226	196
226	197
227	197
227	198
228	198
228	199
229	199
229	200
230	200
230	201
231	201
231	202
232	202
232	203
233	203
233	204
234	204
234	205
235	205
235	206
236	206
236	207
237	207
237	208
238	208
238	209
239	209
239	210
240	181
240	210
242	211
242	212
243	212
243	213
244	213
244	214
245	214
245	215
246	215
246	216
247	216
247	217
248	217
248	218
249	218
249	219
250	219
250	220
251	220
251	221
252	221
252	222
253	222
253	223
254	223
254	224
255	224
255	225
256	225
256	226
257	226
257	227
258	227
258	228
259	228
259	229
260	229
260	230
261	230
261	231
262	231
262	232
263	232
263	233
264	233
264	234
265	234
265	235
266	235
266	236
267	236
267	237
268	237
268	238
269	238
269	239
270	239
270	240
241	211
241	240
272	242
272	243
273	243
273	244
274	244
274	245
275	245
275	246
276	246
276	247
277	247
277	248
278	248
278	249
279	249
279	250
280	250
280	251
281	251
281	252
282	252
282	253
283	253
283	254
284	254
284	255
285	255
285	256
286	256
286	257
287	257
287	258
288	258
288	259
289	259
289	260
290	260
290	261
291	261
291	262
292	262
292	263
293	263
293	264
294	264
294	265
295	265
295	266
296	266
296	267
297	267
297	268
298	268
298	269
299	269
299	270
300	270
300	271
271	241
271	242
300	241
302	271
302	272
303	272
303	273
304	273
304	274
305	274
305	275
306	275
306	276
307	276
307	277
308	277
308	278
309	278
309	279
310	279
310	280
311	280
311	281
312	281
312	282
313	282
313	283
314	283
314	284
315	284
315	285
316	285
316	286
317	286
317	287
318	287
318	288
319	288
319	289
320	289
320	290
321	290
321	291
322	291
322	292
323	292
323	293
324	293
324	294
325	294
325	295
326	295
326	296
327	296
327	297
328	297
328	298
329	298
329	299
330	299
330	300
301	300
301	271
331	301
331	302
332	302
332	303
333	303
333	304
334	304
334	305
335	305
335	306
336	306
336	307
337	307
337	308
338	308
338	309
339	309
339	310
340	310
340	311
341	311
341	312
342	312
342	313
343	313
343	314
344	314
344	315
345	315
345	316
346	316
346	317
347	317
347	318
348	318
348	319
349	319
349	320
350	320
350	321
351	321
351	322
352	322
352	323
353	323
353	324
354	324
354	325
355	325
355	326
356	326
356	327
357	327
357	328
358	328
358	329
359	329
359	330
360	301
360	330
31	91
32	92
33	93
34	94
35	95
36	96
37	97
38	98
39	99
40	100
41	101
42	102
43	103
44	104
45	105
46	106
47	107
48	108
49	109
50	110
51	111
52	112
53	113
54	114
55	115
56	116
57	117
58	118
59	119
60	120
91	151
92	152
93	153
94	154
95	155
96	156
97	157
98	158
99	159
100	160
101	161
102	162
103	163
104	164
105	165
106	166
107	167
108	168
109	169
110	170
111	171
112	172
113	173
114	174
115	175
116	176
117	177
118	178
119	179
120	180
211	151
212	152
213	153
214	154
215	155
216	156
217	157
218	158
219	159
220	160
221	161
222	162
223	163
224	164
225	165
226	166
227	167
228	168
229	169
230	170
231	171
232	172
233	173
234	174
235	175
236	176
237	177
238	178
239	179
240	180
271	211
272	212
273	213
274	214
275	215
276	216
277	217
278	218
279	219
280	220
281	221
282	222
283	223
284	224
285	225
286	226
287	227
288	228
289	229
290	230
291	231
292	232
293	233
294	234
295	235
296	236
297	237
298	238
299	239
300	240
331	271
332	272
333	273
334	274
335	275
336	276
337	277
338	278
339	279
340	280
341	281
342	282
343	283
344	284
345	285
346	286
347	287
348	288
349	289
350	290
351	291
352	292
353	293
354	294
355	295
356	296
357	297
358	298
359	299
360	300
362	331
362	332
363	332
363	333
364	333
364	334
365	334
365	335
366	335
366	336
367	336
367	337
368	337
368	338
369	338
369	339
370	339
370	340
371	340
371	341
372	341
372	342
373	342
373	343
374	343
374	344
375	344
375	345
376	345
376	346
377	346
377	347
378	347
378	348
379	348
379	349
380	349
380	350
381	350
381	351
382	351
382	352
383	352
383	353
384	353
384	354
385	354
385	355
386	355
386	356
387	356
387	357
388	357
388	358
389	358
389	359
390	359
390	360
361	360
361	331