0
0
0
0
0
0
0
0
0
0
0
0
0
0
0
0
0
0
0
0
0
0
0
0
0
0
0
0
0
0
0
0
0
0
0
0
0
0
0
0
0
0
0
0
0
0
0
0
0
0
0
0
0
0
0
0
0
0
0
0
0
0
0
0
0
0
0
0
0
0
0
0
0
0
0
0
0
0
0
0
0
0
0
0
0
0
0
0
0
0
0
0
0
0
0
0
0
0
0
0
0
0
0
0
0
0
0
0
0
0
0
0
0
0
0
0
0
0
0
0
0
0
0
0
0
0
0
0
0
0
0
0
0
0
0
0
0
0
0
0
0
0
0
0
0
0
0
0
0
0
0
0
0
0
0
0
0
0
0
0
0
0
0
0
0
0
0
0
0
0
0
0
0
0
0
0
0
0
0
0
0
0
0
0
0
0
0
0
0
0
0
0
0
0
0
0
0
0
0
0
0
0
0
0
0
0
0
0
0
0
0
0
0
0
0
0
0
0
0
0
0
0
0
0
0
0
0
0
0
0
0
0
0
0
0
0
0
0
0
0
0
0
0
0
0
0
0
0
0
0
0
0
0
0
0
0
0
0
0
0
0
0
0
0
0
0
0
0
0
0
0
0
0
0
0
0
0
0
0
0
0
0
0
0
0
0
0
0
0
0
0
0
0
0
0
0
0
0
0
0
0.0309015
0.061803
0.0487557
0.0357084
0.02271015
0.0097119
0.02584935
0.0419868
0.0581733
0.0743598
0.0906444
0.106929
0.0869166
0.0669042
0.04703895
0.0271737
0.00730845
-0.0125568
0.011772
0.0361008
0.0604296
0.0847584
0.1090872
0.133416
0.10236735
0.0713187
0.04027005
0.0092214
0.0252117
0.041202
0.03144105
0.0216801
0.0118701
0.0020601
0.02280825
0.0435564
0.06430455
0.0850527
0.10580085
0.126549
0.14715
0.167751
0.06705135
-0.0336483
-0.13454415
-0.23544
-0.1663776
-0.0973152
-0.0282528
0.0408096
0.0463032
0.0517968
0.1068309
0.161865
0.2172915
0.272718
0.327654
0.38259
0.3114675
0.240345
0.16897725
0.0976095
0.0959418
0.0942741
0.09255735
0.0908406
0.0891729
0.0875052
0.0199143
-0.0476766
-0.1155618
-0.183447
-0.2506455
-0.317844
-0.32373
-0.329616
-0.445374
-0.561132
-0.503253
-0.445374
-0.386514
-0.327654
-0.320787
-0.31392
-0.307053
-0.300186
-0.293319
-0.286452
-0.278604
-0.270756
-0.337464
-0.404172
-0.469899
-0.535626
-0.602334
-0.669042
-0.7352595
-0.801477
-0.736731
-0.671985
-0.6067485
-0.541512
-0.4772565
-0.413001
-0.4154535
-0.417906
-0.4203585
-0.422811
-0.330597
-0.238383
-0.14592375
-0.0534645
0.03899475
0.131454
0.223668
0.315882
0.4085865
0.501291
0.5930145
0.684738
0.7774425
0.870147
0.65727
0.444393
0.23097645
0.0175599
-0.19575855
-0.409077
-0.621954
-0.834831
-1.0501605
-1.26549
-1.476405
-1.68732
-1.476405
-1.26549
-1.0550655
-0.844641
-0.8588655
-0.87309
-0.8873145
-0.901539
-0.9157635
-0.929988
-0.9226305
-0.915273
-0.9069345
-0.898596
-0.914292
-0.929988
-0.9451935
-0.960399
-1.1129445
-1.26549
-1.008468
-0.751446
-0.4939335
-0.236421
0.0210915
0.278604
0.536607
0.79461
1.054575
1.31454
1.5696
1.82466
2.084625
2.34459
2.251395
2.1582
2.065005
1.97181
1.88352
1.79523
1.702035
1.60884
1.52055
1.43226
1.505835
1.57941
1.65789
1.73637
1.515645
1.29492
1.0746855
0.854451
0.6332355
0.41202
0.1906083
-0.0308034
-0.2518227
-0.472842
-0.694548
-0.916254
-1.135017
-1.35378
-1.57941
-1.80504
-2.025765
-2.24649
-2.467215
-2.68794
-2.908665
-3.12939
-2.790945
-2.4525
-2.11896
-1.78542
-1.446975
-1.10853
-0.7725375
-0.436545
-0.100062
0.236421
0.572904
0.909387
1.2443985
1.57941
1.917855
2.2563
2.58984
2.92338
2.59965
2.27592
1.95219
1.62846
1.3003155
0.972171
0.646479
0.320787
-0.004905
-0.330597
-0.6557985
-0.981
-1.309635
-1.63827
-1.962
-2.28573
-2.60946
-2.93319
-1.48724505
-0.0413001
1.40670495
2.85471
2.526075
2.19744
1.868805
1.54017
1.208592
0.877014
0.547398
0.217782
-0.111834
-0.44145
-0.1309635
0.179523
0.4905
0.801477
1.1119635
1.42245
1.731465
2.04048
1.95219
1.8639
1.770705
1.67751
1.515645
1.35378
1.18701
1.02024
0.854451
0.688662
0.523854
0.359046
0.19399275
0.0289395
-0.13611375
-0.301167
-0.17810055
-0.0550341
0.06813045
0.191295
0.31392
0.436545
0.535626
0.634707
0.7332975
0.831888
0.930969
1.03005
0.8039295
0.577809
0.3526695
0.12753
-0.0976095
-0.322749
-0.5478885
-0.773028
-0.561132
-0.349236
-0.13680045
0.0756351
0.28797255
0.50031
0.2996955
0.099081
-0.101043
-0.301167
-0.5017815
-0.702396
-0.900558
-1.09872
-1.299825
-1.50093
-1.30473
-1.10853
-0.9128205
-0.717111
-0.51993
-0.322749
-0.12630375
0.0701415
-0.27639675
-0.622935
-0.9687375
-1.31454
-1.662795
-2.01105
-1.61865
-1.22625
-0.8333595
-0.440469
-0.0475785
0.345312
0.736731
1.12815
1.52055
1.91295
1.55979
1.20663
0.85347
0.50031
0.1466595
-0.206991
-0.5606415
-0.914292
-0.587619
-0.260946
0.065727
0.3924
0.721035
1.04967
1.3734
1.69713
1.40283
1.10853
0.812268
0.516006
0.2201364
-0.0757332
0.0141264
0.103986
0.194238
0.28449
0.374742
0.464994
0.5547555
0.644517
0.4213395
0.198162
-0.0250155
-0.248193
-0.4713705
-0.694548
-0.5488695
-0.403191
-0.257022
-0.110853
-0.0413001
0.0282528
0.0980019
0.167751
0.237402
0.307053
0.042183
-0.222687
-0.488538
-0.754389
-1.0197495
-1.28511
-1.54998
-1.81485
-1.60884
-1.40283
-1.201725
-1.00062
-0.7960815
-0.591543
-0.3879855
-0.184428
0.01962
0.223668
0.0629802
-0.0977076
-0.2582973
-0.418887
-0.314901
-0.210915
-0.10648755
-0.0020601
0.10197495
0.20601
0.031392
-0.143226
-0.3183345
-0.493443
-0.6675705
-0.841698
-1.014354
-1.18701
-1.36359
-1.54017
-1.71675
-1.89333
-2.065005
-2.23668
-2.006145
-1.77561
-1.54998
-1.32435
-1.091853
-0.859356
-0.6293115
-0.399267
-0.16907535
0.0611163
0.29101365
0.520911
0.7509555
0.981
1.211535
1.44207
1.199763
0.957456
0.7146585
0.471861
0.2291616
-0.0135378
0.2453481
0.504234
0.762237
1.02024
1.280205
1.54017
1.800135
2.0601
2.320065
2.58003
2.123865
1.6677
1.213497
0.759294
0.3046005
-0.150093
-0.6047865
-1.05948
-1.515645
-1.97181
-1.3189545
-0.666099
-0.0152055
0.635688
0.3997575
0.163827
-0.0721035
-0.308034
-0.543474
-0.778914
-1.017297
-1.25568
-1.49112
-1.72656
-1.962
-2.19744
-2.43288
-2.66832
-2.114055
-1.55979
-1.0020915
-0.444393
0.1113435
0.66708
1.221345
1.77561
1.59903
1.42245
1.240965
1.05948
0.879957
0.700434
0.520911
0.341388
0.644517
0.947646
1.253718
1.55979
1.8639
2.16801
1.98162
1.79523
1.60884
1.42245
1.240965
1.05948
0.874071
0.688662
0.504234
0.319806
0.4860855
0.652365
0.8166825
0.981
1.14777
1.31454
1.162485
1.01043
0.861318
0.712206
0.561132
0.410058
0.258984
0.10791
-0.0436545
-0.195219
0.119682
0.434583
0.7519365
1.06929
1.38321
1.69713
1.358685
1.02024
0.6842475
0.348255
0.011772
-0.324711
-0.6626655
-1.00062
-0.856413
-0.712206
-0.56898
-0.425754
-0.2830185
-0.140283
0.002943
0.146169
-0.026487
-0.199143
-0.371799
-0.544455
-0.7166205
-0.888786
-1.062423
-1.23606
-1.407735
-1.57941
-1.751085
-1.92276
-1.68732
-1.45188
-1.214478
-0.977076
-0.7401645
-0.503253
-0.2662434
-0.0292338
-0.1102644
-0.191295
-0.272718
-0.354141
-0.4350735
-0.516006
-0.463032
-0.410058
-0.3575745
-0.305091
-0.295281
-0.285471
-0.2751705
-0.26487
-0.008829
0.247212
0.2104245
0.173637
0.195219
0.216801
0.2388735
0.260946
0.15102495
0.0411039
-0.06822855
-0.177561
-0.2879235
-0.398286
-0.5076675
-0.617049
-0.4272255
-0.237402
-0.047088
0.143226
0.33354
0.523854
0.3811185
0.238383
0.0956475
-0.047088
-0.189333
-0.331578
-0.19310985
-0.0546417
0.08402265
0.222687
0.14464845
0.0666099
-0.0115758
-0.0897615
-0.16799625
-0.246231
-0.324711
-0.403191
-0.4811805
-0.55917
-0.368856
-0.178542
0.0112815
0.201105
0.1228212
0.0445374
-0.0336483
-0.111834
-0.06646275
-0.0210915
0.02418165
0.0694548
0.0590562
0.0486576
0.03830805
0.0279585
0.01760895
0.0072594
-0.022563
-0.0523854
-0.0821097
-0.111834
-0.03820995
0.0354141
0.10943055
0.183447
0.2565315
0.329616
0.403191
0.476766
0.387495
0.298224
0.2084625
0.118701
0.0292338
-0.0602334
-0.1497987
-0.239364
-0.051993
0.135378
0.121644
0.10791
0.09432315
0.0807363
0.0671985
0.0536607
0.06665895
0.0796572
0.0928026
0.105948
0.0190314
-0.0678852
-0.1546056
-0.241326
-0.3281445
-0.414963
-0.5017815
-0.5886
-0.6754185
-0.762237
-0.8490555
-0.935874
-0.7725375
-0.609201
-0.4458645
-0.282528
-0.1192896
0.0439488
0.2073834
0.370818
0.2722275
0.173637
0.07548795
-0.0226611
-0.12071205
-0.218763
-0.021582
0.175599
0.3732705
0.570942
0.468918
0.366894
0.26487
0.162846
0.0609201
-0.0410058
-0.1431279
-0.24525
-0.347274
-0.449298
-0.3261825
-0.203067
-0.0803439
0.0423792
0.1653966
0.288414
0.2192535
0.150093
0.1633365
0.17658
0.1908045
0.205029
0.14141115
0.0777933
0.0143226
-0.0491481
-0.11237355
-0.175599
-0.239364
-0.303129
-0.242307
-0.181485
-0.11982915
-0.0581733
0.0030411
0.0642555
-0.09147825
-0.247212
-0.4027005
-0.558189
-0.477747
-0.397305
-0.3163725
-0.23544
-0.1545075
-0.073575
0.00721035
0.0879957
0.06283305
0.0376704
0.01250775
-0.0126549
-0.03781755
-0.0629802
-0.0878976
-0.112815
-0.1849185
-0.257022
-0.328635
-0.400248
-0.4723515
-0.544455
-0.4860855
-0.427716
-0.3703275
-0.312939
-0.4978575
-0.682776
-0.61803
-0.553284
-0.487557
-0.42183
-0.357084
-0.292338
-0.226611
-0.160884
-0.09569655
-0.0305091
0.03477645
0.100062
0.1652985
0.230535
0.2957715
0.361008
0.426735
0.492462
0.365913
0.239364
0.11286405
-0.0136359
-0.13974345
-0.265851
-0.14808195
-0.0303129
0.08784855
0.20601
0.3242205
0.442431
0.5596605
0.67689
0.6214635
0.566037
0.5106105
0.455184
0.3997575
0.344331
0.336483
0.328635
0.321768
0.314901
0.3075435
0.300186
0.3095055
0.318825
0.328635
0.338445
0.3477645
0.357084
0.2447595
0.132435
0.0200124
-0.0924102
-0.2046366
-0.316863
-0.3055815
-0.2943
-0.299205
-0.30411
-0.3085245
-0.312939
-0.283509
-0.254079
-0.224649
-0.195219
-0.1652985
-0.135378
-0.10570275
-0.0760275
-0.10913625
-0.142245
-0.1751085
-0.207972
-0.02943
0.149112
0.3281445
0.507177
0.6862095
0.865242
1.045746
1.22625
1.40283
1.57941
1.427355
1.2753
1.1217735
0.968247
0.8147205
0.661194
0.508158
0.355122
0.20184075
0.0485595
0.04488075
0.041202
0.03752325
0.0338445
0.0301167
0.0263889
-0.27718155
-0.580752
-0.883881
-1.18701
-1.49112
-1.79523
-1.486215
-1.1772
-0.872109
-0.567018
-0.26001405
0.0469899
0.35409195
0.661194
0.968247
1.2753
1.0481985
0.821097
0.5939955
0.366894
0.525816
0.684738
0.842679
1.00062
0.327654
-0.345312
-1.016316
-1.68732
-1.52055
-1.35378
-1.182105
-1.01043
-0.8382645
-0.666099
-0.495405
-0.324711
-0.341388
-0.358065
-0.374742
-0.391419
-0.22106835
-0.0507177
0.11933865
0.289395
0.4595985
0.629802
0.8000055
0.970209
1.1423745
1.31454
0.947646
0.580752
0.216801
-0.14715
-0.5115915
-0.876033
-1.2424365
-1.60884
-1.103625
-0.59841
-0.095157
0.408096
0.2800755
0.152055
0.0240345
-0.103986
-0.2320065
-0.360027
-0.488538
-0.617049
-0.7450695
-0.87309
-0.7028865
-0.532683
-0.3624795
-0.192276
-0.0220725
0.148131
0.317844
0.487557
0.658251
0.828945
0.661194
0.493443
0.3252015
0.15696
-0.010791
-0.178542
-0.3467835
-0.515025
-0.6822855
-0.849546
-0.7568415
-0.664137
-0.570942
-0.477747
-0.384552
-0.291357
-0.198162
-0.104967
-0.01182105
0.0813249
0.02526075
-0.0308034
0.1302768
0.291357
0.452241
0.613125
0.2950848
-0.0229554
-0.3410937
-0.659232
-0.5282685
-0.397305
-0.266832
-0.136359
-0.005886
0.124587
0.10177875
0.0789705
0.18810675
0.297243
0.4056435
0.514044
0.3722895
0.230535
0.08873145
-0.0530721
-0.19526805
-0.337464
-0.478728
-0.619992
-0.762237
-0.904482
-1.045746
-1.18701
-1.0079775
-0.828945
-0.649422
-0.469899
-0.2908665
-0.111834
0.067689
0.247212
0.426735
0.606258
0.5008005
0.395343
0.2898855
0.184428
0.3104865
0.436545
0.563094
0.689643
0.816192
0.942741
1.0697805
1.19682
0.9098775
0.622935
0.33682635
0.0507177
-0.23558715
-0.521892
-0.413982
-0.306072
-0.1986525
-0.091233
0.0161865
0.123606
0.231516
0.339426
0.330597
0.321768
0.3134295
0.305091
0.2967525
0.288414
0.365913
0.443412
0.5204205
0.597429
0.674928
0.752427
0.8294355
0.906444
0.734769
0.563094
0.391419
0.219744
0.0485595
-0.122625
-0.0279585
0.066708
0.1613745
0.256041
0.351198
0.446355
0.300186
0.154017
0.007848
-0.138321
-0.283509
-0.428697
-0.574866
-0.721035
-0.556227
-0.391419
-0.22675815
-0.0620973
0.10236735
0.266832
0.43164
0.596448
0.4782375
0.360027
0.241326
0.122625
0.004905
-0.112815
-0.231516
-0.350217
-0.20831535
-0.0664137
0.07519365
0.216801
0.3585555
0.50031
0.641574
0.782838
0.7303545
0.677871
0.6253875
0.572904
0.5204205
0.467937
0.415944
0.363951
0.3114675
0.258984
0.414963
0.570942
0.7274115
0.883881
1.0403505
1.19682
1.093815
0.99081
0.884862
0.778914
0.674928
0.570942
0.4664655
0.361989
0.2575125
0.153036
0.0488538
-0.0553284
-0.1596087
-0.263889
-0.3683655
-0.472842
-0.576828
-0.680814
-0.7852905
-0.889767
-0.9942435
-1.09872
-1.113435
-1.12815
-1.142865
-1.15758
-1.1772
-1.19682
-1.211535
-1.22625
-1.42245
-1.61865
-1.81485
-2.01105
-1.77561
-1.54017
-1.30473
-1.06929
-0.8353215
-0.601353
-0.3664035
-0.131454
0.103986
0.339426
0.5743755
0.809325
0.775971
0.742617
0.7097535
0.67689
0.644517
0.612144
0.734769
0.857394
0.978057
1.09872
1.221345
1.34397
1.270395
1.19682
1.11834
1.03986
0.9638325
0.887805
0.8117775
0.73575
0.7607655
0.785781
0.8107965
0.835812
0.861318
0.886824
0.7480125
0.609201
0.469899
0.330597
0.19222695
0.0538569
-0.08490555
-0.223668
-0.378666
-0.533664
-0.4645035
-0.395343
-0.3261825
-0.257022
-0.187371
-0.11772
-0.1584315
-0.199143
-0.239364
-0.279585
-0.4458645
-0.612144
-0.4792185
-0.346293
-0.21263175
-0.0789705
-0.28179225
-0.484614
-0.420849
-0.357084
-0.2928285
-0.228573
-0.2790945
-0.329616
-0.257022
-0.184428
-0.11129445
-0.0381609
0.03487455
0.10791
0.1809945
0.254079
0.198162
0.142245
0.08598465
0.0297243
-0.02633985
-0.082404
-0.01849185
0.0454203
0.10903815
0.172656
0.2369115
0.301167
0.364932
0.428697
0.3202965
0.211896
0.1038879
-0.0041202
-0.1124226
-0.220725
-0.328635
-0.436545
-0.3968145
-0.357084
-0.316863
-0.276642
-0.236421
-0.1962
-0.155979
-0.115758
-0.1780515
-0.240345
-0.302148
-0.363951
-0.4252635
-0.486576
-0.531702
-0.576828
-0.621954
-0.66708
-0.7117155
-0.756351
-0.8009865
-0.845622
-0.8902575
-0.934893
-0.7754805
-0.616068
-0.456165
-0.296262
-0.13640805
0.0234459
0.18339795
0.34335
0.387495
0.43164
0.475785
0.51993
0.415944
0.311958
0.2074815
0.103005
-0.000981
-0.104967
-0.2094435
-0.31392
-0.417906
-0.521892
-0.2518227
0.0182466
0.2887083
0.55917
0.3771945
0.195219
0.0132435
-0.168732
-0.3507075
-0.532683
-0.3252015
-0.11772
0.0897615
0.297243
0.505215
0.713187
0.9206685
1.12815
0.919197
0.710244
0.501291
0.292338
0.083385
-0.125568
-0.0034335
0.118701
0.241326
0.363951
0.3546315
0.345312
0.335502
0.325692
0.254079
0.182466
0.11001915
0.0375723
0.0356103
0.0336483
-0.09010485
-0.213858
-0.337464
-0.46107
-0.5851665
-0.709263
-0.832869
-0.956475
-1.0815525
-1.20663
-1.011411
-0.816192
-0.621954
-0.427716
-0.23382135
-0.0399267
0.15416415
0.348255
0.5420025
0.73575
0.93195
1.12815
0.9451935
0.762237
0.5812425
0.400248
0.21910635
0.0379647
0.03291255
0.0278604
0.0228573
0.0178542
-0.2613384
-0.540531
-0.038259
0.464013
0.4880475
0.512082
0.536607
0.561132
0.5851665
0.609201
0.6332355
0.65727
0.6813045
0.705339
0.4851045
0.26487
0.045126
-0.174618
-0.394362
-0.614106
-0.831888
-1.04967
-1.270395
-1.49112
-1.36359
-1.23606
-1.1060775
-0.976095
-0.846603
-0.717111
-0.587619
-0.458127
-0.328635
-0.199143
-0.0694548
0.0602334
0.1895292
0.318825
0.20154645
0.0842679
-0.03340305
-0.151074
-0.2683035
-0.385533
-0.503253
-0.620973
-0.4733325
-0.325692
-0.17829675
-0.0309015
0.11649375
0.263889
0.190314
0.116739
0.0436545
-0.02943
0.00171675
0.0328635
0.06401025
0.095157
0.1260585
0.15696
0.188352
0.219744
0.3163725
0.413001
0.51012
0.607239
0.704358
0.801477
0.5714325
0.341388
0.1113435
-0.118701
-0.1231155
-0.12753
-0.1329255
-0.138321
-0.327654
-0.516987
-0.383571
-0.250155
-0.1159542
0.0182466
0.1523493
0.286452
0.4203585
0.554265
0.6881715
0.822078
0.4968765
0.171675
-0.153036
-0.477747
-0.340407
-0.203067
-0.0661194
0.0708282
0.2080701
0.345312
0.1467576
-0.0517968
-0.2505474
-0.449298
-0.6469695
-0.844641
-0.7637085
-0.682776
-0.601353
-0.51993
-0.4389975
-0.358065
-0.276642
-0.195219
-0.1138941
-0.0325692
0.0489519
0.130473
0.211896
0.293319
0.2006145
0.10791
0.01564695
-0.0766161
-0.16878105
-0.260946
-0.15808815
-0.0552303
0.04792185
0.151074
0.254079
0.357084
0.460089
0.563094
0.436545
0.309996
0.1836432
0.0572904
-0.0689643
-0.195219
-0.10746855
-0.0197181
0.06813045
0.155979
0.0279585
-0.100062
-0.228573
-0.357084
-0.4851045
-0.613125
-0.5410215
-0.468918
-0.3968145
-0.324711
-0.4046625
-0.484614
-0.5645655
-0.644517
-0.7244685
-0.80442
-0.646479
-0.488538
-0.330597
-0.172656
-0.014715
0.143226
0.301167
0.459108
0.617049
0.77499
0.6204825
0.465975
0.3114675
0.15696
0.0024525
-0.152055
-0.0810306
-0.0100062
0.0612144
0.132435
0.203067
0.273699
0.3448215
0.415944
0.4870665
0.558189
0.4645035
0.370818
0.2771325
0.183447
0.08971245
-0.0040221
-0.09765855
-0.191295
-0.11659185
-0.0418887
0.03301065
0.10791
0.182466
0.257022
0.3320685
0.407115
0.2928285
0.178542
0.0644517
-0.0496386
-0.067689
-0.0857394
-0.2258262
-0.365913
-0.505215
-0.644517
-0.4497885
-0.25506
-0.059841
0.135378
0.330597
0.525816
0.721035
0.916254
0.746541
0.576828
0.4076055
0.238383
0.06867
-0.101043
-0.2702655
-0.439488
-0.272718
-0.105948
-0.1446975
-0.183447
-0.221706
-0.259965
-0.299205
-0.338445
-0.292338
-0.246231
-0.1996335
-0.153036
-0.1072233
-0.0614106
-0.0802458
-0.099081
-0.1182105
-0.13734
0.0044145
0.146169
0.287433
0.428697
0.384552
0.340407
0.2732085
0.20601
0.13895865
0.0719073
0.00495405
-0.0619992
-0.1290996
-0.1962
-0.06047865
0.0752427
0.21076785
0.346293
0.3399165
0.33354
0.327654
0.321768
0.315882
0.309996
0.2732085
0.236421
0.1986525
0.160884
0.1286091
0.0963342
0.0639612
0.0315882
-0.00083385
-0.0332559
0.09128205
0.21582
0.012753
-0.190314
-0.3938715
-0.597429
-0.7990245
-1.00062
-0.8853525
-0.770085
-0.6528555
-0.535626
-0.4193775
-0.303129
-0.18604665
-0.0689643
0.04792185
0.164808
0.1780515
0.191295
0.204048
0.216801
0.230535
0.244269
0.2104245
0.17658
0.0783819
-0.0198162
-0.1183086
-0.216801
-0.1220364
-0.0272718
0.0672966
0.161865
0.257022
0.352179
0.4468455
0.541512
0.636669
0.731826
0.6705135
0.609201
0.5469075
0.484614
0.4233015
0.361989
0.17388225
-0.0142245
0.21851775
0.45126
0.425754
0.400248
0.374742
0.349236
0.32373
0.298224
0.3271635
0.356103
0.384552
0.413001
0.4419405
0.47088
0.4998195
0.528759
0.5066865
0.484614
0.4635225
0.442431
0.4203585
0.398286
0.3762135
0.354141
0.332559
0.310977
0.1856052
0.0602334
-0.0650403
-0.190314
-0.3153915
-0.440469
-0.5655465
-0.690624
-0.8157015
-0.940779
-0.850527
-0.760275
-0.6695325
-0.57879
-0.488538
-0.398286
-0.307053
-0.21582
-0.12551895
-0.0352179
0.05547555
0.146169
0.122625
0.099081
0.07519365
0.0513063
0.0276642
0.0040221
-0.01962
-0.0432621
-0.0669042
-0.0905463
-0.10364265
-0.116739
-0.1329255
-0.149112
-0.165789
-0.182466
-0.1986525
-0.214839
-0.15563565
-0.0964323
-0.03722895
0.0219744
0.0811287
0.140283
0.08657325
0.0328635
-0.02084625
-0.074556
-0.128511
-0.182466
-0.12738285
-0.0722997
-0.0173637
0.0375723
0.09236115
0.14715
0.202086
0.257022
0.178542
0.100062
0.0210915
-0.057879
-0.136359
-0.214839
-0.11335455
-0.0118701
0.09020295
0.192276
0.2938095
0.395343
0.3359925
0.276642
0.217782
0.158922
0.1002582
0.0415944
0.030411
0.0192276
0.00809325
-0.0030411
-0.01417545
-0.0253098
-0.0364932
-0.0476766
-0.05881095
-0.0699453
-0.0811287
-0.0923121
-0.10354455
-0.114777
-0.1260585
-0.13734
-0.1545075
-0.171675
-0.1888425
-0.20601
-0.223668
-0.241326
-0.2584935
-0.275661
-0.293319
-0.310977
-0.3281445
-0.345312
-0.3791565
-0.413001
-0.446355
-0.479709
-0.4144725
-0.349236
-0.2839995
-0.218763
-0.15347745
-0.0881919
-0.0229554
0.0422811
0.10746855
0.172656
0.1213497
0.0700434
0.018639
-0.0327654
-0.0845622
-0.136359
-0.003924
0.128511
0.260946
0.393381
0.525816
0.658251
0.5655465
0.472842
0.380628
0.288414
0.195219
0.102024
0.00956475
-0.0828945
-0.17535375
-0.267813
-0.3605175
-0.453222
-0.381609
-0.309996
-0.2378925
-0.165789
-0.0937836
-0.0217782
0.0499329
0.121644
0.192276
0.262908
0.33354
0.404172
0.474804
0.545436
0.4321305
0.318825
0.2058138
0.0928026
-0.0203067
-0.133416
-0.1368495
-0.140283
-0.144207
-0.148131
-0.1515645
-0.154998
-0.2839995
-0.413001
-0.3379545
-0.262908
-0.188352
-0.113796
-0.03909285
0.0356103
0.11050965
0.185409
0.259965
0.334521
0.3202965
0.306072
0.291357
0.276642
0.281547
0.286452
0.291357
0.296262
0.3006765
0.305091
0.1715769
0.0380628
-0.0952551
-0.228573
-0.36297
-0.497367
-0.4360545
-0.374742
-0.31392
-0.253098
-0.192276
-0.131454
-0.07038675
-0.0093195
0.05125725
0.111834
0.1731465
0.234459
0.295281
0.356103
0.229554
0.103005
-0.0240345
-0.151074
-0.277623
-0.404172
-0.530721
-0.65727
-0.5841855
-0.511101
-0.437526
-0.363951
-0.2908665
-0.217782
-0.1446975
-0.071613
0.0015696
0.0747522
0.1477386
0.220725
0.2943
0.367875
0.3801375
0.3924
0.405153
0.417906
0.4301685
0.442431
0.4546935
0.466956
0.4792185
0.491481
0.468918
0.446355
0.4233015
0.400248
0.3408975
0.281547
0.222687
0.163827
0.10481985
0.0458127
-0.01329255
-0.0723978
-0.0418887
-0.0113796
0.0191295
0.0496386
0.0802458
0.110853
0.141264
0.171675
0.07548795
-0.0206991
-0.11678805
-0.212877
-0.3095055
-0.406134
-0.502272
-0.59841
-0.6940575
-0.789705
-0.737712
-0.685719
-0.633726
-0.581733
-0.52974
-0.477747
-0.4252635
-0.37278
-0.311958
-0.251136
-0.1898235
-0.128511
-0.06734565
-0.0061803
0.05478885
0.115758
0.177561
0.239364
0.300186
0.361008
0.42183
0.482652
0.387495
0.292338
0.1962
0.100062
0.0043164
-0.0914292
-0.1869786
-0.282528
-0.378666
-0.474804
-0.5704515
-0.666099
-0.5714325
-0.476766
-0.38259
-0.288414
-0.1937475
-0.099081
-0.0043164
0.0904482
0.1850166
0.279585
0.3742515
0.468918
0.355122
0.241326
0.12718665
0.0130473
-0.10089585
-0.214839
-0.3291255
-0.443412
-0.557208
-0.671004
-0.5792805
-0.487557
-0.3968145
-0.306072
-0.214839
-0.123606
-0.0325692
0.0584676
0.1498968
0.241326
0.3320685
0.422811
0.514044
0.605277
0.6960195
0.786762
0.8784855
0.970209
0.801477
0.632745
0.4645035
0.296262
0.1278243
-0.0406134
-0.2086587
-0.376704
-0.545436
-0.714168
-0.651384
-0.5886
-0.525816
-0.463032
-0.400248
-0.337464
-0.3271635
-0.316863
-0.307053
-0.297243
-0.2869425
-0.276642
-0.1577448
-0.0388476
0.0801477
0.199143
0.11492415
0.0307053
-0.05380785
-0.138321
-0.2221965
-0.306072
-0.390438
-0.474804
-0.55917
-0.643536
-0.5733945
-0.503253
-0.4331115
-0.36297
-0.2928285
-0.222687
-0.15269265
-0.0826983
-0.0125568
0.0575847
0.12787335
0.198162
0.231516
0.26487
0.2977335
0.330597
0.3644415
0.398286
0.43164
0.464994
0.498348
0.531702
0.439488
0.347274
0.2545695
0.161865
0.1603935
0.158922
0.157941
0.15696
0.1554885
0.154017
0.11364885
0.0732807
0.03271635
-0.007848
-0.04841235
-0.0889767
-0.04095675
0.0070632
0.0550341
0.103005
0.151074
0.199143
0.247212
0.295281
0.34335
0.391419
0.3664035
0.341388
0.3163725
0.291357
0.2663415
0.241326
0.271737
0.302148
0.3320685
0.361989
0.3924
0.422811
0.453222
0.483633
0.514044
0.544455
0.574866
0.605277
0.2768382
-0.0516006
-0.3799413
-0.708282
-0.665118
-0.621954
-0.5782995
-0.534645
-0.491481
-0.448317
-0.4046625
-0.361008
-0.361008
-0.361008
-0.361008
-0.361008
-0.3605175
-0.360027
-0.2663415
-0.172656
-0.07931385
0.0140283
0.10756665
0.201105
0.2947905
0.388476
0.481671
0.574866
0.462051
0.349236
0.23544
0.121644
0.0083385
-0.104967
-0.217782
-0.330597
-0.444393
-0.558189
-0.50031
-0.442431
-0.383571
-0.324711
-0.266832
-0.208953
-0.1508778
-0.0928026
-0.03467835
0.0234459
0.00152055
-0.0204048
-0.0422811
-0.0641574
-0.0860337
-0.10791
-0.1299825
-0.152055
-0.1348875
-0.11772
-0.10060155
-0.0834831
-0.0664137
-0.0493443
-0.03222585
-0.0151074
0.00201105
0.0191295
0.0120663
0.0050031
-0.00201105
-0.0090252
0.0509139
0.110853
0.1711845
0.231516
0.2918475
0.352179
0.4125105
0.472842
0.532683
0.592524
0.6528555
0.713187
0.4958955
0.278604
0.061803
-0.154998
-0.371799
-0.5886
-0.5429835
-0.497367
-0.4517505
-0.406134
-0.360027
-0.31392
-0.310977
-0.308034
-0.3046005
-0.301167
-0.298224
-0.295281
-0.239364
-0.183447
-0.12699045
-0.0705339
-0.0144207
0.0416925
0.09785475
0.154017
0.209934
0.265851
0.321768
0.377685
0.3350115
0.292338
0.2486835
0.205029
0.216801
0.228573
0.2408355
0.253098
0.26487
0.276642
0.288414
0.300186
0.311958
0.32373
0.2290635
0.134397
0.03968145
-0.0550341
-0.15014205
-0.24525
-0.2310255
-0.216801
-0.203067
-0.189333
-0.1751085
-0.160884
-0.14715
-0.133416
-0.128511
-0.123606
-0.1191915
-0.114777
-0.06567795
-0.0165789
0.0325692
0.0817173
0.13062015
0.179523
0.228573
0.277623
0.326673
0.375723
0.4252635
0.474804
0.4213395
0.367875
0.3144105
0.260946
0.2074815
0.154017
0.1006506
0.0472842
-0.00613125
-0.0595467
-0.11266785
-0.165789
-0.1211535
-0.076518
-0.0315882
0.0133416
0.0581733
0.103005
0.148131
0.193257
0.2378925
0.282528
0.1165428
-0.0494424
-0.2155257
-0.381609
-0.3055815
-0.229554
-0.15357555
-0.0775971
-0.0015696
0.0744579
0.15053445
0.226611
0.14798385
0.0693567
-0.0092214
-0.0877995
-0.16652475
-0.24525
-0.32373
-0.40221
-0.48069
-0.55917
-0.422811
-0.286452
-0.14994585
-0.0134397
0.12277215
0.258984
0.395343
0.531702
0.4419405
0.352179
0.2614365
0.170694
0.0806382
-0.0094176
-0.0998658
-0.190314
-0.280566
-0.370818
-0.297243
-0.223668
-0.1502892
-0.0769104
-0.00348255
0.0699453
0.14337315
0.216801
0.290376
0.363951
0.437526
0.511101
0.5841855
0.65727
0.730845
0.80442
0.5537745
0.303129
0.051993
-0.199143
-0.4497885
-0.700434
-0.953532
-1.20663
-1.027107
-0.847584
-0.671004
-0.494424
-0.3173535
-0.140283
0.0367875
0.213858
0.3909285
0.567999
0.7450695
0.92214
1.09872
1.2753
0.8147205
0.354141
-0.106929
-0.567999
-0.5194395
-0.47088
-0.4223205
-0.373761
-0.325692
-0.277623
-0.229554
-0.181485
-0.13297455
-0.0844641
-0.22126455
-0.358065
-0.4949145
-0.631764
-0.6185205
-0.605277
-0.591543
-0.577809
-0.5645655
-0.551322
-0.573885
-0.596448
-0.61803
-0.639612
-0.5469075
-0.454203
-0.361008
-0.267813
-0.17456895
-0.0813249
0.01182105
0.104967
0.198162
0.291357
0.2996955
0.308034
0.315882
0.32373
0.332559
0.341388
0.349236
0.357084
0.403191
0.449298
0.494424
0.53955
0.585657
0.631764
0.6773805
0.722997
0.769104
0.815211
0.584676
0.354141
0.123606
-0.106929
-0.337464
-0.567999
-0.5145345
-0.46107
-0.407115
-0.35316
-0.2996955
-0.246231
-0.1927665
-0.139302
-0.244269
-0.349236
-0.4546935
-0.560151
-0.6656085
-0.771066
-0.694548
-0.61803
-0.5420025
-0.465975
-0.3899475
-0.31392
-0.2378925
-0.161865
-0.0859356
-0.0100062
0.040221
0.0904482
0.1408716
0.191295
0.241326
0.291357
0.3418785
0.3924
0.442431
0.492462
0.542493
0.592524
0.642555
0.692586
0.7431075
0.793629
0.3873969
-0.0188352
-0.4248711
-0.830907
-0.760275
-0.689643
-0.619011
-0.548379
-0.477747
-0.407115
-0.4635225
-0.51993
-0.575847
-0.631764
-0.6881715
-0.744579
-0.8009865
-0.857394
-0.9138015
-0.970209
-0.8186445
-0.66708
-0.5155155
-0.363951
-0.21253365
-0.0611163
0.09059535
0.242307
0.3938715
0.545436
0.69651
0.847584
0.997677
1.14777
1.299825
1.45188
1.153656
0.855432
0.556227
0.257022
-0.0426735
-0.342369
-0.6410835
-0.939798
-0.818154
-0.69651
-0.574866
-0.453222
-0.3310875
-0.208953
-0.08716185
0.0346293
0.15612615
0.277623
0.3997575
0.521892
0.23794155
-0.0460089
-0.33005745
-0.614106
-0.895653
-1.1772
-1.077138
-0.977076
-0.8745615
-0.772047
-0.6695325
-0.567018
-0.464994
-0.36297
-0.2604555
-0.157941
-0.0554265
0.047088
0.1496025
0.252117
0.3546315
0.457146
0.5596605
0.662175
0.764199
0.866223
0.9677565
1.06929
1.172295
1.2753
1.1772
1.0791
0.980019
0.880938
0.7823475
0.683757
0.584676
0.485595
0.439488
0.393381
0.3467835
0.300186
0.2535885
0.206991
0.1603935
0.113796
0.095157
0.076518
0.0579771
0.0394362
0.0208953
0.0023544
-0.0161865
-0.0347274
-0.0532683
-0.0718092
-0.0903501
-0.108891
-0.0927045
-0.076518
-0.0603315
-0.044145
-0.0279585
-0.011772
0.0044145
0.020601
0.0367875
0.052974
-0.01427355
-0.0815211
-0.14867055
-0.21582
-0.283509
-0.351198
-0.417906
-0.484614
-0.552303
-0.619992
-0.5576985
-0.495405
-0.432621
-0.369837
-0.3075435
-0.24525
-0.182466
-0.119682
-0.0575847
0.0045126
0.0258984
0.0472842
0.06871905
0.0901539
0.11178495
0.133416
0.1545075
0.175599
0.197181
0.218763
0.15269265
0.0866223
0.02065005
-0.0453222
-0.1109511
-0.17658
-0.2427975
-0.309015
-0.265851
-0.222687
-0.1800135
-0.13734
-0.0944703
-0.0516006
-0.0086328
0.034335
0.0770085
0.119682
0.162846
0.20601
0.173637
0.141264
0.10854765
0.0758313
0.04331115
0.010791
0.04576365
0.0807363
0.11590515
0.151074
0.1858995
0.220725
0.194238
0.167751
0.141264
0.114777
0.08863335
0.0624897
0.09893385
0.135378
0.1711845
0.206991
0.243288
0.279585
0.315882
0.352179
0.388476
0.424773
0.3820995
0.339426
0.2967525
0.254079
0.210915
0.167751
0.1252737
0.0827964
0.04007385
-0.0026487
-0.04537125
-0.0880938
-0.0502272
-0.0123606
0.02545695
0.0632745
0.10128825
0.139302
0.169713
0.200124
0.230535
0.260946
0.291357
0.321768
0.352179
0.38259
0.4134915
0.444393
0.4007385
0.357084
0.3134295
0.269775
0.226611
0.183447
0.13944915
0.0954513
0.05194395
0.0084366
-0.0615087
-0.131454
-0.2006145
-0.269775
-0.339426
-0.409077
-0.342369
-0.275661
-0.2094435
-0.143226
-0.0762237
-0.0092214
0.0571923
0.123606
0.190314
0.257022
0.2114055
0.165789
0.1199763
0.0741636
0.02839995
-0.0173637
-0.06312735
-0.108891
-0.154998
-0.201105
-0.2467215
-0.292338
-0.3379545
-0.383571
-0.311958
-0.240345
-0.16789815
-0.0954513
-0.02339685
0.0486576
0.1209573
0.193257
0.2653605
0.337464
0.2692845
0.201105
0.1336122
0.0661194
-0.0015696
-0.0692586
-0.1371438
-0.205029
-0.272718
-0.340407
-0.3006765
-0.260946
-0.221706
-0.182466
-0.143226
-0.103986
-0.0644517
-0.0249174
-0.01554885
-0.0061803
0.00318825
0.0125568
0.02192535
0.0312939
0.04066245
0.050031
0.07401645
0.0980019
0.12208545
0.146169
0.11188305
0.0775971
0.0433602
0.0091233
-0.02516265
-0.0594486
-0.01290015
0.0336483
0.07960815
0.125568
0.1721655
0.218763
0.2653605
0.311958
0.3585555
0.405153
0.335502
0.265851
0.1957095
0.125568
0.0562113
-0.0131454
-0.0826002
-0.152055
-0.2221965
-0.292338
-0.3614985
-0.430659
-0.3924
-0.354141
-0.3153915
-0.276642
-0.2388735
-0.201105
-0.1623555
-0.123606
-0.0851508
-0.0466956
-0.00828945
0.0301167
0.06852285
0.106929
0.1017297
0.0965304
0.091233
0.0859356
0.0806382
0.0753408
0.07009245
0.0648441
0.09275355
0.120663
0.1486215
0.17658
0.205029
0.233478
0.261927
0.290376
0.3183345
0.346293
0.3095055
0.272718
0.236421
0.200124
0.163827
0.12753
-0.1034955
-0.334521
-0.1980639
-0.0616068
-0.06126345
-0.0609201
-0.0606258
-0.0603315
-0.0600372
-0.0597429
-0.05939955
-0.0590562
-0.0587619
-0.0584676
-0.0581733
-0.057879
-0.05753565
-0.0571923
-0.056898
-0.0566037
-0.0563094
-0.0560151
-0.05567175
-0.0553284
-0.0550341
-0.0547398
-0.0544455
-0.0541512
-0.05380785
-0.0534645
-0.0531702
-0.0528759
-0.05253255
-0.0521892
-0.0518949
-0.0516006
-0.0513063
-0.051012
-0.05066865
-0.0503253
-0.050031
-0.0497367
-0.0494424
-0.0491481
-0.04880475
-0.0484614
-0.0481671
-0.0478728
-0.0475785
-0.0472842
-0.04694085
-0.0465975
-0.0463032
-0.0460089
-0.0457146
-0.0454203
-0.04507695
-0.0447336
-0.0444393
-0.044145
-0.0438507
-0.0435564
-0.04321305
-0.0428697
-0.0425754
-0.0422811
-0.0419868
-0.0416925
-0.04134915
-0.0410058
-0.0407115
-0.0404172
-0.0401229
-0.0398286
-0.03948525
-0.0391419
-0.0388476
-0.0385533
-0.038259
-0.0379647
-0.03762135
-0.037278
-0.0369837
-0.0366894
-0.0363951
-0.0361008
-0.03575745
-0.0354141
-0.0351198
-0.0348255
-0.0345312
-0.0342369
-0.0339426
-0.0336483
-0.03330495
-0.0329616
-0.0326673
-0.032373
-0.03202965
-0.0316863
-0.031392
-0.0310977
-0.0308034
-0.0305091
-0.03016575
-0.0298224
-0.0295281
-0.0292338
-0.0289395
-0.0286452
-0.02830185
-0.0279585
-0.0276642
-0.0273699
-0.0270756
-0.0267813
-0.02643795
-0.0260946
-0.0258003
-0.025506
-0.0252117
-0.0249174
-0.02457405
-0.0242307
-0.0239364
-0.0236421
-0.0233478
-0.0230535
-0.02271015
-0.0223668
-0.0220725
-0.0217782
-0.0214839
-0.0211896
-0.02084625
-0.0205029
-0.0202086
-0.0199143
-0.01962
-0.0193257
-0.01898235
-0.018639
-0.01839375
-0.0181485
-0.01780515
-0.0174618
-0.01711845
-0.0167751
-0.0164808
-0.0161865
-0.01584315
-0.0154998
-0.0152055
-0.0149112
-0.0146169
-0.0143226
-0.01397925
-0.0136359
-0.0133416
-0.0130473
-0.012753
-0.0124587
-0.01211535
-0.011772
-0.0114777
-0.0111834
-0.0108891
-0.0105948
-0.01025145
-0.0099081
-0.0096138
-0.0093195
-0.0090252
-0.0087309
-0.00838755
-0.0080442
-0.0077499
-0.0074556
-0.0071613
-0.006867
-0.00652365
-0.0061803
-0.005886
-0.0055917
-0.0052974
-0.0050031
-0.00465975
-0.0043164
-0.0040221
-0.0037278
-0.0034335
-0.0031392
-0.00279585
-0.0024525
-0.0021582
-0.0018639
-0.0015696
-0.0012753
-0.00093195
-0.0005886
-0.0002943
0
